0000000000904,00000.000000
0000000000905,00000.000000
0000000000906,00000.000000
0000000000907,00000.000000
0000000000908,00000.000000
0000000000909,00000.000000
0000000000910,00000.000000
0000000000911,00000.000000
0000000000912,00000.000000
0000000000913,00000.000000
0000000000914,00000.000000
0000000000915,00000.000000
0000000000916,00000.000000
0000000000917,00000.000000
0000000000918,00000.000000
0000000000919,00000.000000
0000000000920,00000.000000
0000000000921,00000.000000
0000000000922,00000.000000
0000000000923,00000.000000
0000000000924,00000.000000
0000000000925,00000.000000
0000000000926,00000.000000
0000000000927,00000.000000
0000000000928,00000.000000
0000000000929,00000.000000
0000000000930,00000.000000
0000000000931,00000.000000
0000000000932,00000.000000
0000000000933,00000.000000
0000000000934,00000.000000
0000000000935,00000.000000
0000000000936,00000.000000
0000000000937,00000.000000
0000000000938,00000.000000
0000000000939,00000.000000
0000000000940,00000.000000
0000000000941,00000.000000
0000000000942,00000.000000
0000000000943,00000.000000
0000000000944,00000.000000
0000000000945,00000.000000
0000000000946,00000.000000
0000000000947,00000.000000
0000000000948,00000.000000
0000000000949,00000.000000
0000000000950,00000.000000
0000000000951,00000.000000
0000000000952,00000.000000
0000000000953,00000.000000
0000000000954,00000.000000
0000000000955,00000.000000
0000000000956,00000.000000
0000000000957,00000.000000
0000000000958,00000.000000
0000000000959,00000.000000
0000000000960,00000.000000
0000000000961,00000.000000
0000000000962,00000.000000
0000000000963,00000.000000
0000000000964,00000.000000
0000000000965,00000.000000
0000000000966,00000.000000
0000000000967,00000.000000
0000000000968,00000.000000
0000000000969,00000.000000
0000000000970,00000.000000
0000000000971,00000.000000
0000000000972,00000.000000
0000000000973,00000.000000
0000000000974,00000.000000
0000000000975,00000.000000
0000000000976,00000.000000
0000000000977,00000.000000
0000000000978,00000.000000
0000000000979,00000.000000
0000000000980,00000.000000
0000000000981,00000.000000
0000000000982,00000.000000
0000000000983,00000.000000
0000000000984,00000.000000
0000000000985,00000.000000
0000000000986,00000.000000
0000000000987,00000.000000
0000000000988,00000.000000
0000000000989,00000.000000
0000000000990,00000.000000
0000000000991,00000.000000
0000000000992,00000.000000
0000000000993,00000.000000
0000000000994,00000.000000
0000000000995,00000.000000
0000000000996,00000.000000
0000000000997,00000.000000
0000000000998,00000.000000
0000000000999,00000.000000
0000000001000,00000.000000
0000000001001,00000.000000
0000000001002,00000.000000
0000000001003,00000.000000
0000000001004,00000.000000
0000000001005,00000.000000
0000000001006,00000.000000
0000000001007,00000.000000
0000000001008,00000.000000
0000000001009,00000.000000
0000000001010,00000.000000
0000000001011,00000.000000
0000000001012,00000.000000
0000000001013,00000.000000
0000000001014,00000.000000
0000000001015,00000.000000
0000000001016,00000.000000
0000000001017,00000.000000
0000000001018,00000.000000
0000000001019,00000.000000
0000000001020,00000.000000
0000000001021,00000.000000
0000000001022,00000.000000
0000000001023,00000.000000
0000000001024,00000.000000
0000000001025,00000.000000
0000000001026,00000.000000
0000000001027,00000.000000
0000000001028,00000.000000
0000000001029,00000.000000
0000000001030,00000.000000
0000000001031,00000.000000
0000000001032,00000.000000
0000000001033,00000.000000
0000000001034,00000.000000
0000000001035,00000.000000
0000000001036,00000.000000
0000000001037,00000.000000
0000000001038,00000.000000
0000000001039,00000.000000
0000000001040,00000.000000
0000000001041,00000.000000
0000000001042,00000.000000
0000000001043,00000.000000
0000000001044,00000.000000
0000000001045,00000.000000
0000000001046,00000.000000
0000000001047,00000.000000
0000000001048,00000.000000
0000000001049,00000.000000
0000000001050,00000.000000
0000000001051,00000.000000
0000000001052,00000.000000
0000000001053,00000.000000
0000000001054,00000.000000
0000000001055,00000.000000
0000000001056,00000.000000
0000000001057,00000.000000
0000000001058,00000.000000
0000000001059,00000.000000
0000000001060,00000.000000
0000000001061,00000.000000
0000000001062,00000.000000
0000000001063,00000.000000
0000000001064,00000.000000
0000000001065,00000.000000
0000000001066,00000.000000
0000000001067,00000.000000
0000000001068,00000.000000
0000000001069,00000.000000
0000000001070,00000.000000
0000000001071,00000.000000
0000000001072,00000.000000
0000000001073,00000.000000
0000000001074,00000.000000
0000000001075,00000.000000
0000000001076,00000.000000
0000000001077,00000.000000
0000000001078,00000.000000
0000000001079,00000.000000
0000000001080,00000.000000
0000000001081,00000.000000
0000000001082,00000.000000
0000000001083,00000.000000
0000000001084,00000.000000
0000000001085,00000.000000
0000000001086,00000.000000
0000000001087,00000.000000
0000000001088,00000.000000
0000000001089,00000.000000
0000000001090,00000.000000
0000000001091,00000.000000
0000000001092,00000.000000
0000000001093,00000.000000
0000000001094,00000.000000
0000000001095,00000.000000
0000000001096,00000.000000
0000000001097,00000.000000
0000000001098,00000.000000
0000000001099,00000.000000
0000000001100,00000.000000
0000000001101,00000.000000
0000000001102,00000.000000
0000000001103,00000.000000
0000000001104,00000.000000
0000000001105,00000.000000
0000000001106,00000.000000
0000000001107,00000.000000
0000000001108,00000.000000
0000000001109,00000.000000
0000000001110,00000.000000
0000000001111,00000.000000
0000000001112,00000.000000
0000000001113,00000.000000
0000000001114,00000.000000
0000000001115,00000.000000
0000000001116,00000.000000
0000000001117,00000.000000
0000000001118,00000.000000
0000000001119,00000.000000
0000000001120,00000.000000
0000000001121,00000.000000
0000000001122,00000.000000
0000000001123,00000.000000
0000000001124,00000.000000
0000000001125,00000.000000
0000000001126,00000.000000
0000000001127,00000.000000
0000000001128,00000.000000
0000000001129,00000.000000
0000000001130,00000.000000
0000000001131,00000.000000
0000000001132,00000.000000
0000000001133,00000.000000
0000000001134,00000.000000
0000000001135,00000.000000
0000000001136,00000.000000
0000000001137,00000.000000
0000000001138,00000.000000
0000000001139,00000.000000
0000000001140,00000.000000
0000000001141,00000.000000
0000000001142,00000.000000
0000000001143,00000.000000
0000000001144,00000.000000
0000000001145,00000.000000
0000000001146,00000.000000
0000000001147,00000.000000
0000000001148,00000.000000
0000000001149,00000.000000
0000000001150,00000.000000
0000000001151,00000.000000
0000000001152,00000.000000
0000000001153,00000.000000
0000000001154,00000.000000
0000000001155,00000.000000
0000000001156,00000.000000
0000000001157,00000.000000
0000000001158,00000.000000
0000000001159,00000.000000
0000000001160,00000.000000
0000000001161,00000.000000
0000000001162,00000.000000
0000000001163,00000.000000
0000000001164,00000.000000
0000000001165,00000.000000
0000000001166,00000.000000
0000000001167,00000.000000
0000000001168,00000.000000
0000000001169,00000.000000
0000000001170,00000.000000
0000000001171,00000.000000
0000000001172,00000.000000
0000000001173,00000.000000
0000000001174,00000.000000
0000000001175,00000.000000
0000000001176,00000.000000
0000000001177,00000.000000
0000000001178,00000.000000
0000000001179,00000.000000
0000000001180,00000.000000
0000000001181,00000.000000
0000000001182,00000.000000
0000000001183,00000.000000
0000000001184,00000.000000
0000000001185,00000.000000
0000000001186,00000.000000
0000000001187,00000.000000
0000000001188,00000.000000
0000000001189,00000.000000
0000000001190,00000.000000
0000000001191,00000.000000
0000000001192,00000.000000
0000000001193,00000.000000
0000000001194,00000.000000
0000000001195,00000.000000
0000000001196,00000.000000
0000000001197,00000.000000
0000000001198,00000.000000
0000000001199,00000.000000
0000000001200,00000.000000
0000000001201,00000.000000
0000000001202,00000.000000
0000000001203,00000.000000
0000000001204,00000.000000
0000000001205,00000.000000
0000000001206,00000.000000
0000000001207,00000.000000
0000000001208,00000.000000
0000000001209,00000.000000
0000000001210,00000.000000
0000000001211,00000.000000
0000000001212,00000.000000
0000000001213,00000.000000
0000000001214,00000.000000
0000000001215,00000.000000
0000000001216,00000.000000
0000000001217,00000.000000
0000000001218,00000.000000
0000000001219,00000.000000
0000000001220,00000.000000
0000000001221,00001.000000
0000000001222,00001.000000
0000000001223,00001.000000
0000000001224,00001.000000
0000000001225,00001.000000
0000000001226,00001.000000
0000000001227,00001.000000
0000000001228,00001.000000
0000000001229,00001.000000
0000000001230,00001.000000
0000000001231,00001.000000
0000000001232,00001.000000
0000000001233,00001.000000
0000000001234,00001.000000
0000000001235,00001.000000
0000000001236,00001.000000
0000000001237,00001.000000
0000000001238,00001.000000
0000000001239,00001.000000
0000000001240,00001.000000
0000000001241,00001.000000
0000000001242,00001.000000
0000000001243,00001.000000
0000000001244,00001.000000
0000000001245,00001.000000
0000000001246,00001.000000
0000000001247,00001.000000
0000000001248,00001.000000
0000000001249,00001.000000
0000000001250,00001.000000
0000000001251,00001.000000
0000000001252,00001.000000
0000000001253,00001.000000
0000000001254,00001.000000
0000000001255,00001.000000
0000000001256,00001.000000
0000000001257,00001.000000
0000000001258,00001.000000
0000000001259,00001.000000
0000000001260,00001.000000
0000000001261,00001.000000
0000000001262,00001.000000
0000000001263,00001.000000
0000000001264,00001.000000
0000000001265,00001.000000
0000000001266,00001.000000
0000000001267,00001.000000
0000000001268,00001.000000
0000000001269,00001.000000
0000000001270,00001.000000
0000000001271,00001.000000
0000000001272,00001.000000
0000000001273,00001.000000
0000000001274,00001.000000
0000000001275,00001.000000
0000000001276,00001.000000
0000000001277,00001.000000
0000000001278,00001.000000
0000000001279,00001.000000
0000000001280,00001.000000
0000000001281,00001.000000
0000000001282,00001.000000
0000000001283,00001.000000
0000000001284,00001.000000
0000000001285,00001.000000
0000000001286,00001.000000
0000000001287,00001.000000
0000000001288,00001.000000
0000000001289,00001.000000
0000000001290,00001.000000
0000000001291,00001.000000
0000000001292,00001.000000
0000000001293,00001.000000
0000000001294,00001.000000
0000000001295,00001.000000
0000000001296,00001.000000
0000000001297,00001.000000
0000000001298,00001.000000
0000000001299,00001.000000
0000000001300,00001.000000
0000000001301,00001.000000
0000000001302,00001.000000
0000000001303,00001.000000
0000000001304,00001.000000
0000000001305,00001.000000
0000000001306,00001.000000
0000000001307,00001.000000
0000000001308,00001.000000
0000000001309,00001.000000
0000000001310,00001.000000
0000000001311,00001.000000
0000000001312,00001.000000
0000000001313,00001.000000
0000000001314,00001.000000
0000000001315,00001.000000
0000000001316,00001.000000
0000000001317,00001.000000
0000000001318,00001.000000
0000000001319,00001.000000
0000000001320,00001.000000
0000000001321,00001.000000
0000000001322,00001.000000
0000000001323,00001.000000
0000000001324,00001.000000
0000000001325,00001.000000
0000000001326,00001.000000
0000000001327,00001.000000
0000000001328,00001.000000
0000000001329,00001.000000
0000000001330,00001.000000
0000000001331,00001.000000
0000000001332,00001.000000
0000000001333,00001.000000
0000000001334,00001.000000
0000000001335,00001.000000
0000000001336,00001.000000
0000000001337,00001.000000
0000000001338,00001.000000
0000000001339,00001.000000
0000000001340,00001.000000
0000000001341,00001.000000
0000000001342,00001.000000
0000000001343,00001.000000
0000000001344,00001.000000
0000000001345,00001.000000
0000000001346,00001.000000
0000000001347,00001.000000
0000000001348,00001.000000
0000000001349,00001.000000
0000000001350,00001.000000
0000000001351,00001.000000
0000000001352,00001.000000
0000000001353,00001.000000
0000000001354,00001.000000
0000000001355,00000.000000
0000000001356,00000.000000
0000000001357,00000.000000
0000000001358,00000.000000
0000000001359,00000.000000
0000000001360,00000.000000
0000000001361,00000.000000
0000000001362,00000.000000
0000000001363,00000.000000
0000000001364,00000.000000
0000000001365,00000.000000
0000000001366,00000.000000
0000000001367,00000.000000
0000000001368,00000.000000
0000000001369,00000.000000
0000000001370,00000.000000
0000000001371,00000.000000
0000000001372,00000.000000
0000000001373,00000.000000
0000000001374,00000.000000
0000000001375,00000.000000
0000000001376,00000.000000
0000000001377,00000.000000
0000000001378,00000.000000
0000000001379,00000.000000
0000000001380,00000.000000
0000000001381,00000.000000
0000000001382,00000.000000
0000000001383,00000.000000
0000000001384,00000.000000
0000000001385,00000.000000
0000000001386,00000.000000
0000000001387,00000.000000
0000000001388,00000.000000
0000000001389,00000.000000
0000000001390,00000.000000
0000000001391,00000.000000
0000000001392,00000.000000
0000000001393,00000.000000
0000000001394,00000.000000
0000000001395,00000.000000
0000000001396,00000.000000
0000000001397,00000.000000
0000000001398,00000.000000
0000000001399,00000.000000
0000000001400,00000.000000
0000000001401,00000.000000
0000000001402,00000.000000
0000000001403,00000.000000
0000000001404,00000.000000
0000000001405,00000.000000
0000000001406,00000.000000
0000000001407,00000.000000
0000000001408,00000.000000
0000000001409,00000.000000
0000000001410,00000.000000
0000000001411,00000.000000
0000000001412,00000.000000
0000000001413,00000.000000
0000000001414,00000.000000
0000000001415,00000.000000
0000000001416,00000.000000
0000000001417,00000.000000
0000000001418,00000.000000
0000000001419,00000.000000
0000000001420,00000.000000
0000000001421,00000.000000
0000000001422,00000.000000
0000000001423,00000.000000
0000000001424,00000.000000
0000000001425,00000.000000
0000000001426,00000.000000
0000000001427,00000.000000
0000000001428,00000.000000
0000000001429,00000.000000
0000000001430,00000.000000
0000000001431,00000.000000
0000000001432,00000.000000
0000000001433,00000.000000
0000000001434,00000.000000
0000000001435,00000.000000
0000000001436,00000.000000
0000000001437,00000.000000
0000000001438,00000.000000
0000000001439,00000.000000
0000000001440,00000.000000
0000000001441,00000.000000
0000000001442,00000.000000
0000000001443,00000.000000
0000000001444,00000.000000
0000000001445,00000.000000
0000000001446,00000.000000
0000000001447,00000.000000
0000000001448,00000.000000
0000000001449,00000.000000
0000000001450,00000.000000
0000000001451,00000.000000
0000000001452,00000.000000
0000000001453,00000.000000
0000000001454,00000.000000
0000000001455,00000.000000
0000000001456,00000.000000
0000000001457,00000.000000
0000000001458,00000.000000
0000000001459,00000.000000
0000000001460,00000.000000
0000000001461,00000.000000
0000000001462,00000.000000
0000000001463,00000.000000
0000000001464,00000.000000
0000000001465,00000.000000
0000000001466,00000.000000
0000000001467,00000.000000
0000000001468,00000.000000
0000000001469,00000.000000
0000000001470,00000.000000
0000000001471,00000.000000
0000000001472,00000.000000
0000000001473,00000.000000
0000000001474,00000.000000
0000000001475,00000.000000
0000000001476,00000.000000
0000000001477,00000.000000
0000000001478,00000.000000
0000000001479,00000.000000
0000000001480,00000.000000
0000000001481,00000.000000
0000000001482,00000.000000
0000000001483,00000.000000
0000000001484,00000.000000
0000000001485,00000.000000
0000000001486,00000.000000
0000000001487,00000.000000
0000000001488,00000.000000
0000000001489,00000.000000
0000000001490,00000.000000
0000000001491,00000.000000
0000000001492,00000.000000
0000000001493,00000.000000
0000000001494,00000.000000
0000000001495,00000.000000
0000000001496,00000.000000
0000000001497,00000.000000
0000000001498,00000.000000
0000000001499,00000.000000
0000000001500,00000.000000
0000000001501,00000.000000
0000000001502,00000.000000
0000000001503,00000.000000
0000000001504,00000.000000
0000000001505,00001.000000
0000000001506,00001.000000
0000000001507,00001.000000
0000000001508,00001.000000
0000000001509,00001.000000
0000000001510,00001.000000
0000000001511,00001.000000
0000000001512,00001.000000
0000000001513,00001.000000
0000000001514,00001.000000
0000000001515,00001.000000
0000000001516,00001.000000
0000000001517,00001.000000
0000000001518,00001.000000
0000000001519,00001.000000
0000000001520,00001.000000
0000000001521,00001.000000
0000000001522,00001.000000
0000000001523,00001.000000
0000000001524,00001.000000
0000000001525,00001.000000
0000000001526,00001.000000
0000000001527,00001.000000
0000000001528,00001.000000
0000000001529,00001.000000
0000000001530,00001.000000
0000000001531,00001.000000
0000000001532,00001.000000
0000000001533,00001.000000
0000000001534,00001.000000
0000000001535,00001.000000
0000000001536,00001.000000
0000000001537,00001.000000
0000000001538,00001.000000
0000000001539,00001.000000
0000000001540,00001.000000
0000000001541,00001.000000
0000000001542,00001.000000
0000000001543,00001.000000
0000000001544,00001.000000
0000000001545,00001.000000
0000000001546,00001.000000
0000000001547,00001.000000
0000000001548,00001.000000
0000000001549,00001.000000
0000000001550,00001.000000
0000000001551,00001.000000
0000000001552,00001.000000
0000000001553,00001.000000
0000000001554,00001.000000
0000000001555,00001.000000
0000000001556,00001.000000
0000000001557,00001.000000
0000000001558,00001.000000
0000000001559,00001.000000
0000000001560,00001.000000
0000000001561,00001.000000
0000000001562,00001.000000
0000000001563,00001.000000
0000000001564,00001.000000
0000000001565,00001.000000
0000000001566,00001.000000
0000000001567,00001.000000
0000000001568,00001.000000
0000000001569,00001.000000
0000000001570,00001.000000
0000000001571,00000.000000
0000000001572,00000.000000
0000000001573,00000.000000
0000000001574,00000.000000
0000000001575,00000.000000
0000000001576,00000.000000
0000000001577,00000.000000
0000000001578,00000.000000
0000000001579,00000.000000
0000000001580,00000.000000
0000000001581,00000.000000
0000000001582,00000.000000
0000000001583,00000.000000
0000000001584,00000.000000
0000000001585,00000.000000
0000000001586,00000.000000
0000000001587,00000.000000
0000000001588,00000.000000
0000000001589,00000.000000
0000000001590,00000.000000
0000000001591,00000.000000
0000000001592,00000.000000
0000000001593,00000.000000
0000000001594,00000.000000
0000000001595,00000.000000
0000000001596,00000.000000
0000000001597,00000.000000
0000000001598,00000.000000
0000000001599,00000.000000
0000000001600,00000.000000
0000000001601,00000.000000
0000000001602,00000.000000
0000000001603,00000.000000
0000000001604,00000.000000
0000000001605,00000.000000
0000000001606,00000.000000
0000000001607,00000.000000
0000000001608,00000.000000
0000000001609,00000.000000
0000000001610,00000.000000
0000000001611,00000.000000
0000000001612,00000.000000
0000000001613,00000.000000
0000000001614,00000.000000
0000000001615,00000.000000
0000000001616,00000.000000
0000000001617,00000.000000
0000000001618,00000.000000
0000000001619,00000.000000
0000000001620,00000.000000
0000000001621,00000.000000
0000000001622,00000.000000
0000000001623,00000.000000
0000000001624,00000.000000
0000000001625,00000.000000
0000000001626,00000.000000
0000000001627,00000.000000
0000000001628,00000.000000
0000000001629,00000.000000
0000000001630,00000.000000
0000000001631,00000.000000
0000000001632,00000.000000
0000000001633,00000.000000
0000000001634,00000.000000
0000000001635,00000.000000
0000000001636,00000.000000
0000000001637,00000.000000
0000000001638,00000.000000
0000000001639,00000.000000
0000000001640,00000.000000
0000000001641,00000.000000
0000000001642,00000.000000
0000000001643,00000.000000
0000000001644,00000.000000
0000000001645,00000.000000
0000000001646,00000.000000
0000000001647,00000.000000
0000000001648,00000.000000
0000000001649,00000.000000
0000000001650,00000.000000
0000000001651,00000.000000
0000000001652,00000.000000
0000000001653,00000.000000
0000000001654,00000.000000
0000000001655,00000.000000
0000000001656,00000.000000
0000000001657,00000.000000
0000000001658,00000.000000
0000000001659,00000.000000
0000000001660,00000.000000
0000000001661,00000.000000
0000000001662,00000.000000
0000000001663,00000.000000
0000000001664,00000.000000
0000000001665,00000.000000
0000000001666,00000.000000
0000000001667,00000.000000
0000000001668,00000.000000
0000000001669,00000.000000
0000000001670,00000.000000
0000000001671,00000.000000
0000000001672,00000.000000
0000000001673,00000.000000
0000000001674,00000.000000
0000000001675,00000.000000
0000000001676,00000.000000
0000000001677,00000.000000
0000000001678,00000.000000
0000000001679,00000.000000
0000000001680,00000.000000
0000000001681,00000.000000
0000000001682,00000.000000
0000000001683,00000.000000
0000000001684,00000.000000
0000000001685,00000.000000
0000000001686,00000.000000
0000000001687,00000.000000
0000000001688,00000.000000
0000000001689,00000.000000
0000000001690,00000.000000
0000000001691,00000.000000
0000000001692,00000.000000
0000000001693,00000.000000
0000000001694,00000.000000
0000000001695,00000.000000
0000000001696,00000.000000
0000000001697,00000.000000
0000000001698,00000.000000
0000000001699,00000.000000
0000000001700,00000.000000
0000000001701,00000.000000
0000000001702,00000.000000
0000000001703,00000.000000
0000000001704,00000.000000
0000000001705,00000.000000
0000000001706,00000.000000
0000000001707,00000.000000
0000000001708,00000.000000
0000000001709,00000.000000
0000000001710,00000.000000
0000000001711,00000.000000
0000000001712,00000.000000
0000000001713,00000.000000
0000000001714,00000.000000
0000000001715,00000.000000
0000000001716,00000.000000
0000000001717,00000.000000
0000000001718,00000.000000
0000000001719,00000.000000
0000000001720,00001.000000
0000000001721,00001.000000
0000000001722,00001.000000
0000000001723,00001.000000
0000000001724,00001.000000
0000000001725,00001.000000
0000000001726,00001.000000
0000000001727,00001.000000
0000000001728,00001.000000
0000000001729,00001.000000
0000000001730,00001.000000
0000000001731,00001.000000
0000000001732,00001.000000
0000000001733,00001.000000
0000000001734,00001.000000
0000000001735,00001.000000
0000000001736,00001.000000
0000000001737,00001.000000
0000000001738,00001.000000
0000000001739,00001.000000
0000000001740,00001.000000
0000000001741,00001.000000
0000000001742,00001.000000
0000000001743,00001.000000
0000000001744,00001.000000
0000000001745,00001.000000
0000000001746,00001.000000
0000000001747,00001.000000
0000000001748,00001.000000
0000000001749,00001.000000
0000000001750,00001.000000
0000000001751,00001.000000
0000000001752,00001.000000
0000000001753,00001.000000
0000000001754,00001.000000
0000000001755,00001.000000
0000000001756,00001.000000
0000000001757,00001.000000
0000000001758,00001.000000
0000000001759,00001.000000
0000000001760,00001.000000
0000000001761,00001.000000
0000000001762,00001.000000
0000000001763,00001.000000
0000000001764,00001.000000
0000000001765,00001.000000
0000000001766,00001.000000
0000000001767,00001.000000
0000000001768,00001.000000
0000000001769,00001.000000
0000000001770,00001.000000
0000000001771,00001.000000
0000000001772,00001.000000
0000000001773,00001.000000
0000000001774,00001.000000
0000000001775,00001.000000
0000000001776,00001.000000
0000000001777,00001.000000
0000000001778,00001.000000
0000000001779,00001.000000
0000000001780,00001.000000
0000000001781,00001.000000
0000000001782,00001.000000
0000000001783,00001.000000
0000000001784,00001.000000
0000000001785,00001.000000
0000000001786,00001.000000
0000000001787,00001.000000
0000000001788,00001.000000
0000000001789,00001.000000
0000000001790,00001.000000
0000000001791,00001.000000
0000000001792,00001.000000
0000000001793,00001.000000
0000000001794,00001.000000
0000000001795,00001.000000
0000000001796,00001.000000
0000000001797,00001.000000
0000000001798,00001.000000
0000000001799,00001.000000
0000000001800,00001.000000
0000000001801,00001.000000
0000000001802,00001.000000
0000000001803,00001.000000
0000000001804,00001.000000
0000000001805,00001.000000
0000000001806,00001.000000
0000000001807,00001.000000
0000000001808,00001.000000
0000000001809,00001.000000
0000000001810,00001.000000
0000000001811,00001.000000
0000000001812,00001.000000
0000000001813,00001.000000
0000000001814,00001.000000
0000000001815,00001.000000
0000000001816,00001.000000
0000000001817,00001.000000
0000000001818,00001.000000
0000000001819,00001.000000
0000000001820,00001.000000
0000000001821,00001.000000
0000000001822,00001.000000
0000000001823,00001.000000
0000000001824,00001.000000
0000000001825,00001.000000
0000000001826,00001.000000
0000000001827,00001.000000
0000000001828,00001.000000
0000000001829,00001.000000
0000000001830,00001.000000
0000000001831,00001.000000
0000000001832,00001.000000
0000000001833,00001.000000
0000000001834,00001.000000
0000000001835,00001.000000
0000000001836,00001.000000
0000000001837,00001.000000
0000000001838,00001.000000
0000000001839,00001.000000
0000000001840,00001.000000
0000000001841,00001.000000
0000000001842,00001.000000
0000000001843,00001.000000
0000000001844,00001.000000
0000000001845,00001.000000
0000000001846,00001.000000
0000000001847,00001.000000
0000000001848,00001.000000
0000000001849,00001.000000
0000000001850,00001.000000
0000000001851,00001.000000
0000000001852,00001.000000
0000000001853,00001.000000
0000000001854,00001.000000
0000000001855,00000.000000
0000000001856,00000.000000
0000000001857,00000.000000
0000000001858,00000.000000
0000000001859,00000.000000
0000000001860,00000.000000
0000000001861,00000.000000
0000000001862,00000.000000
0000000001863,00000.000000
0000000001864,00000.000000
0000000001865,00000.000000
0000000001866,00000.000000
0000000001867,00000.000000
0000000001868,00000.000000
0000000001869,00000.000000
0000000001870,00000.000000
0000000001871,00000.000000
0000000001872,00000.000000
0000000001873,00000.000000
0000000001874,00000.000000
0000000001875,00000.000000
0000000001876,00000.000000
0000000001877,00000.000000
0000000001878,00000.000000
0000000001879,00000.000000
0000000001880,00000.000000
0000000001881,00000.000000
0000000001882,00000.000000
0000000001883,00000.000000
0000000001884,00000.000000
0000000001885,00000.000000
0000000001886,00000.000000
0000000001887,00000.000000
0000000001888,00000.000000
0000000001889,00000.000000
0000000001890,00000.000000
0000000001891,00000.000000
0000000001892,00000.000000
0000000001893,00000.000000
0000000001894,00000.000000
0000000001895,00000.000000
0000000001896,00000.000000
0000000001897,00000.000000
0000000001898,00000.000000
0000000001899,00000.000000
0000000001900,00000.000000
0000000001901,00000.000000
0000000001902,00000.000000
0000000001903,00000.000000
0000000001904,00000.000000
0000000001905,00000.000000
0000000001906,00000.000000
0000000001907,00000.000000
0000000001908,00000.000000
0000000001909,00000.000000
0000000001910,00000.000000
0000000001911,00000.000000
0000000001912,00000.000000
0000000001913,00000.000000
0000000001914,00000.000000
0000000001915,00000.000000
0000000001916,00000.000000
0000000001917,00000.000000
0000000001918,00000.000000
0000000001919,00000.000000
0000000001920,00000.000000
0000000001921,00000.000000
0000000001922,00000.000000
0000000001923,00000.000000
0000000001924,00000.000000
0000000001925,00000.000000
0000000001926,00000.000000
0000000001927,00000.000000
0000000001928,00000.000000
0000000001929,00000.000000
0000000001930,00000.000000
0000000001931,00000.000000
0000000001932,00000.000000
0000000001933,00000.000000
0000000001934,00000.000000
0000000001935,00000.000000
0000000001936,00000.000000
0000000001937,00000.000000
0000000001938,00000.000000
0000000001939,00000.000000
0000000001940,00000.000000
0000000001941,00000.000000
0000000001942,00000.000000
0000000001943,00000.000000
0000000001944,00000.000000
0000000001945,00000.000000
0000000001946,00000.000000
0000000001947,00000.000000
0000000001948,00000.000000
0000000001949,00000.000000
0000000001950,00000.000000
0000000001951,00000.000000
0000000001952,00000.000000
0000000001953,00000.000000
0000000001954,00000.000000
0000000001955,00000.000000
0000000001956,00000.000000
0000000001957,00000.000000
0000000001958,00000.000000
0000000001959,00000.000000
0000000001960,00000.000000
0000000001961,00000.000000
0000000001962,00000.000000
0000000001963,00000.000000
0000000001964,00000.000000
0000000001965,00000.000000
0000000001966,00000.000000
0000000001967,00000.000000
0000000001968,00000.000000
0000000001969,00000.000000
0000000001970,00000.000000
0000000001971,00000.000000
0000000001972,00000.000000
0000000001973,00000.000000
0000000001974,00000.000000
0000000001975,00000.000000
0000000001976,00000.000000
0000000001977,00000.000000
0000000001978,00000.000000
0000000001979,00000.000000
0000000001980,00000.000000
0000000001981,00000.000000
0000000001982,00000.000000
0000000001983,00000.000000
0000000001984,00000.000000
0000000001985,00000.000000
0000000001986,00000.000000
0000000001987,00000.000000
0000000001988,00000.000000
0000000001989,00000.000000
0000000001990,00000.000000
0000000001991,00000.000000
0000000001992,00000.000000
0000000001993,00000.000000
0000000001994,00000.000000
0000000001995,00000.000000
0000000001996,00000.000000
0000000001997,00000.000000
0000000001998,00000.000000
0000000001999,00000.000000
0000000002000,00000.000000
0000000002001,00000.000000
0000000002002,00000.000000
0000000002003,00000.000000
0000000002004,00000.000000
0000000002005,00001.000000
0000000002006,00001.000000
0000000002007,00001.000000
0000000002008,00001.000000
0000000002009,00001.000000
0000000002010,00001.000000
0000000002011,00001.000000
0000000002012,00001.000000
0000000002013,00001.000000
0000000002014,00001.000000
0000000002015,00001.000000
0000000002016,00001.000000
0000000002017,00001.000000
0000000002018,00001.000000
0000000002019,00001.000000
0000000002020,00001.000000
0000000002021,00001.000000
0000000002022,00001.000000
0000000002023,00001.000000
0000000002024,00001.000000
0000000002025,00001.000000
0000000002026,00001.000000
0000000002027,00001.000000
0000000002028,00001.000000
0000000002029,00001.000000
0000000002030,00001.000000
0000000002031,00001.000000
0000000002032,00001.000000
0000000002033,00001.000000
0000000002034,00001.000000
0000000002035,00001.000000
0000000002036,00001.000000
0000000002037,00001.000000
0000000002038,00001.000000
0000000002039,00001.000000
0000000002040,00001.000000
0000000002041,00001.000000
0000000002042,00001.000000
0000000002043,00001.000000
0000000002044,00001.000000
0000000002045,00001.000000
0000000002046,00001.000000
0000000002047,00001.000000
0000000002048,00001.000000
0000000002049,00001.000000
0000000002050,00001.000000
0000000002051,00001.000000
0000000002052,00001.000000
0000000002053,00001.000000
0000000002054,00001.000000
0000000002055,00001.000000
0000000002056,00001.000000
0000000002057,00001.000000
0000000002058,00001.000000
0000000002059,00001.000000
0000000002060,00001.000000
0000000002061,00001.000000
0000000002062,00001.000000
0000000002063,00001.000000
0000000002064,00001.000000
0000000002065,00001.000000
0000000002066,00001.000000
0000000002067,00001.000000
0000000002068,00001.000000
0000000002069,00001.000000
0000000002070,00001.000000
0000000002071,00001.000000
0000000002072,00001.000000
0000000002073,00000.000000
0000000002074,00000.000000
0000000002075,00000.000000
0000000002076,00000.000000
0000000002077,00000.000000
0000000002078,00000.000000
0000000002079,00000.000000
0000000002080,00000.000000
0000000002081,00000.000000
0000000002082,00000.000000
0000000002083,00000.000000
0000000002084,00000.000000
0000000002085,00000.000000
0000000002086,00000.000000
0000000002087,00000.000000
0000000002088,00000.000000
0000000002089,00000.000000
0000000002090,00000.000000
0000000002091,00000.000000
0000000002092,00000.000000
0000000002093,00000.000000
0000000002094,00000.000000
0000000002095,00000.000000
0000000002096,00000.000000
0000000002097,00000.000000
0000000002098,00000.000000
0000000002099,00000.000000
0000000002100,00000.000000
0000000002101,00000.000000
0000000002102,00000.000000
0000000002103,00000.000000
0000000002104,00000.000000
0000000002105,00000.000000
0000000002106,00000.000000
0000000002107,00000.000000
0000000002108,00000.000000
0000000002109,00000.000000
0000000002110,00000.000000
0000000002111,00000.000000
0000000002112,00000.000000
0000000002113,00000.000000
0000000002114,00000.000000
0000000002115,00000.000000
0000000002116,00000.000000
0000000002117,00000.000000
0000000002118,00000.000000
0000000002119,00000.000000
0000000002120,00000.000000
0000000002121,00000.000000
0000000002122,00000.000000
0000000002123,00000.000000
0000000002124,00000.000000
0000000002125,00000.000000
0000000002126,00000.000000
0000000002127,00000.000000
0000000002128,00000.000000
0000000002129,00000.000000
0000000002130,00000.000000
0000000002131,00000.000000
0000000002132,00000.000000
0000000002133,00000.000000
0000000002134,00000.000000
0000000002135,00000.000000
0000000002136,00000.000000
0000000002137,00000.000000
0000000002138,00000.000000
0000000002139,00000.000000
0000000002140,00000.000000
0000000002141,00000.000000
0000000002142,00000.000000
0000000002143,00000.000000
0000000002144,00000.000000
0000000002145,00000.000000
0000000002146,00000.000000
0000000002147,00000.000000
0000000002148,00000.000000
0000000002149,00000.000000
0000000002150,00000.000000
0000000002151,00000.000000
0000000002152,00000.000000
0000000002153,00000.000000
0000000002154,00000.000000
0000000002155,00000.000000
0000000002156,00000.000000
0000000002157,00000.000000
0000000002158,00000.000000
0000000002159,00000.000000
0000000002160,00000.000000
0000000002161,00000.000000
0000000002162,00000.000000
0000000002163,00000.000000
0000000002164,00000.000000
0000000002165,00000.000000
0000000002166,00000.000000
0000000002167,00000.000000
0000000002168,00000.000000
0000000002169,00000.000000
0000000002170,00000.000000
0000000002171,00000.000000
0000000002172,00000.000000
0000000002173,00000.000000
0000000002174,00000.000000
0000000002175,00000.000000
0000000002176,00000.000000
0000000002177,00000.000000
0000000002178,00000.000000
0000000002179,00000.000000
0000000002180,00000.000000
0000000002181,00000.000000
0000000002182,00000.000000
0000000002183,00000.000000
0000000002184,00000.000000
0000000002185,00000.000000
0000000002186,00000.000000
0000000002187,00000.000000
0000000002188,00000.000000
0000000002189,00000.000000
0000000002190,00000.000000
0000000002191,00000.000000
0000000002192,00000.000000
0000000002193,00000.000000
0000000002194,00000.000000
0000000002195,00000.000000
0000000002196,00000.000000
0000000002197,00000.000000
0000000002198,00000.000000
0000000002199,00000.000000
0000000002200,00000.000000
0000000002201,00000.000000
0000000002202,00000.000000
0000000002203,00000.000000
0000000002204,00000.000000
0000000002205,00000.000000
0000000002206,00000.000000
0000000002207,00000.000000
0000000002208,00000.000000
0000000002209,00000.000000
0000000002210,00000.000000
0000000002211,00000.000000
0000000002212,00000.000000
0000000002213,00000.000000
0000000002214,00000.000000
0000000002215,00000.000000
0000000002216,00000.000000
0000000002217,00000.000000
0000000002218,00000.000000
0000000002219,00000.000000
0000000002220,00000.000000
0000000002221,00000.000000
0000000002222,00000.000000
0000000002223,00001.000000
0000000002224,00001.000000
0000000002225,00001.000000
0000000002226,00001.000000
0000000002227,00001.000000
0000000002228,00001.000000
0000000002229,00001.000000
0000000002230,00001.000000
0000000002231,00001.000000
0000000002232,00001.000000
0000000002233,00001.000000
0000000002234,00001.000000
0000000002235,00001.000000
0000000002236,00001.000000
0000000002237,00001.000000
0000000002238,00001.000000
0000000002239,00001.000000
0000000002240,00001.000000
0000000002241,00001.000000
0000000002242,00001.000000
0000000002243,00001.000000
0000000002244,00001.000000
0000000002245,00001.000000
0000000002246,00001.000000
0000000002247,00001.000000
0000000002248,00001.000000
0000000002249,00001.000000
0000000002250,00001.000000
0000000002251,00001.000000
0000000002252,00001.000000
0000000002253,00001.000000
0000000002254,00001.000000
0000000002255,00001.000000
0000000002256,00001.000000
0000000002257,00001.000000
0000000002258,00001.000000
0000000002259,00001.000000
0000000002260,00001.000000
0000000002261,00001.000000
0000000002262,00001.000000
0000000002263,00001.000000
0000000002264,00001.000000
0000000002265,00001.000000
0000000002266,00001.000000
0000000002267,00001.000000
0000000002268,00001.000000
0000000002269,00001.000000
0000000002270,00001.000000
0000000002271,00001.000000
0000000002272,00001.000000
0000000002273,00001.000000
0000000002274,00001.000000
0000000002275,00001.000000
0000000002276,00001.000000
0000000002277,00001.000000
0000000002278,00001.000000
0000000002279,00001.000000
0000000002280,00001.000000
0000000002281,00001.000000
0000000002282,00001.000000
0000000002283,00001.000000
0000000002284,00001.000000
0000000002285,00001.000000
0000000002286,00001.000000
0000000002287,00001.000000
0000000002288,00001.000000
0000000002289,00001.000000
0000000002290,00001.000000
0000000002291,00001.000000
0000000002292,00001.000000
0000000002293,00001.000000
0000000002294,00001.000000
0000000002295,00001.000000
0000000002296,00001.000000
0000000002297,00001.000000
0000000002298,00001.000000
0000000002299,00001.000000
0000000002300,00001.000000
0000000002301,00001.000000
0000000002302,00001.000000
0000000002303,00001.000000
0000000002304,00001.000000
0000000002305,00001.000000
0000000002306,00001.000000
0000000002307,00001.000000
0000000002308,00001.000000
0000000002309,00001.000000
0000000002310,00001.000000
0000000002311,00001.000000
0000000002312,00001.000000
0000000002313,00001.000000
0000000002314,00001.000000
0000000002315,00001.000000
0000000002316,00001.000000
0000000002317,00001.000000
0000000002318,00001.000000
0000000002319,00001.000000
0000000002320,00001.000000
0000000002321,00001.000000
0000000002322,00001.000000
0000000002323,00001.000000
0000000002324,00001.000000
0000000002325,00001.000000
0000000002326,00001.000000
0000000002327,00001.000000
0000000002328,00001.000000
0000000002329,00001.000000
0000000002330,00001.000000
0000000002331,00001.000000
0000000002332,00001.000000
0000000002333,00001.000000
0000000002334,00001.000000
0000000002335,00001.000000
0000000002336,00001.000000
0000000002337,00001.000000
0000000002338,00001.000000
0000000002339,00001.000000
0000000002340,00001.000000
0000000002341,00001.000000
0000000002342,00001.000000
0000000002343,00001.000000
0000000002344,00001.000000
0000000002345,00001.000000
0000000002346,00001.000000
0000000002347,00001.000000
0000000002348,00001.000000
0000000002349,00001.000000
0000000002350,00001.000000
0000000002351,00001.000000
0000000002352,00000.000000
0000000002353,00000.000000
0000000002354,00000.000000
0000000002355,00000.000000
0000000002356,00000.000000
0000000002357,00000.000000
0000000002358,00000.000000
0000000002359,00000.000000
0000000002360,00000.000000
0000000002361,00000.000000
0000000002362,00000.000000
0000000002363,00000.000000
0000000002364,00000.000000
0000000002365,00000.000000
0000000002366,00000.000000
0000000002367,00000.000000
0000000002368,00000.000000
0000000002369,00000.000000
0000000002370,00000.000000
0000000002371,00000.000000
0000000002372,00000.000000
0000000002373,00000.000000
0000000002374,00000.000000
0000000002375,00000.000000
0000000002376,00000.000000
0000000002377,00000.000000
0000000002378,00000.000000
0000000002379,00000.000000
0000000002380,00000.000000
0000000002381,00000.000000
0000000002382,00000.000000
0000000002383,00000.000000
0000000002384,00000.000000
0000000002385,00000.000000
0000000002386,00000.000000
0000000002387,00000.000000
0000000002388,00000.000000
0000000002389,00000.000000
0000000002390,00000.000000
0000000002391,00000.000000
0000000002392,00000.000000
0000000002393,00000.000000
0000000002394,00000.000000
0000000002395,00000.000000
0000000002396,00000.000000
0000000002397,00000.000000
0000000002398,00000.000000
0000000002399,00000.000000
0000000002400,00000.000000
0000000002401,00000.000000
0000000002402,00000.000000
0000000002403,00000.000000
0000000002404,00000.000000
0000000002405,00000.000000
0000000002406,00000.000000
0000000002407,00000.000000
0000000002408,00000.000000
0000000002409,00000.000000
0000000002410,00000.000000
0000000002411,00000.000000
0000000002412,00000.000000
0000000002413,00000.000000
0000000002414,00000.000000
0000000002415,00000.000000
0000000002416,00000.000000
0000000002417,00000.000000
0000000002418,00000.000000
0000000002419,00000.000000
0000000002420,00000.000000
0000000002421,00000.000000
0000000002422,00000.000000
0000000002423,00000.000000
0000000002424,00000.000000
0000000002425,00000.000000
0000000002426,00000.000000
0000000002427,00000.000000
0000000002428,00000.000000
0000000002429,00000.000000
0000000002430,00000.000000
0000000002431,00000.000000
0000000002432,00000.000000
0000000002433,00000.000000
0000000002434,00000.000000
0000000002435,00000.000000
0000000002436,00000.000000
0000000002437,00000.000000
0000000002438,00000.000000
0000000002439,00000.000000
0000000002440,00000.000000
0000000002441,00000.000000
0000000002442,00000.000000
0000000002443,00000.000000
0000000002444,00000.000000
0000000002445,00000.000000
0000000002446,00000.000000
0000000002447,00000.000000
0000000002448,00000.000000
0000000002449,00000.000000
0000000002450,00000.000000
0000000002451,00000.000000
0000000002452,00000.000000
0000000002453,00000.000000
0000000002454,00000.000000
0000000002455,00000.000000
0000000002456,00000.000000
0000000002457,00000.000000
0000000002458,00000.000000
0000000002459,00000.000000
0000000002460,00000.000000
0000000002461,00000.000000
0000000002462,00000.000000
0000000002463,00000.000000
0000000002464,00000.000000
0000000002465,00000.000000
0000000002466,00000.000000
0000000002467,00000.000000
0000000002468,00000.000000
0000000002469,00000.000000
0000000002470,00000.000000
0000000002471,00000.000000
0000000002472,00000.000000
0000000002473,00000.000000
0000000002474,00000.000000
0000000002475,00000.000000
0000000002476,00000.000000
0000000002477,00000.000000
0000000002478,00000.000000
0000000002479,00000.000000
0000000002480,00000.000000
0000000002481,00000.000000
0000000002482,00000.000000
0000000002483,00000.000000
0000000002484,00000.000000
0000000002485,00000.000000
0000000002486,00000.000000
0000000002487,00000.000000
0000000002488,00000.000000
0000000002489,00000.000000
0000000002490,00000.000000
0000000002491,00000.000000
0000000002492,00000.000000
0000000002493,00000.000000
0000000002494,00000.000000
0000000002495,00000.000000
0000000002496,00000.000000
0000000002497,00000.000000
0000000002498,00000.000000
0000000002499,00000.000000
0000000002500,00000.000000
0000000002501,00000.000000
0000000002502,00000.000000
0000000002503,00001.000000
0000000002504,00001.000000
0000000002505,00001.000000
0000000002506,00001.000000
0000000002507,00001.000000
0000000002508,00001.000000
0000000002509,00001.000000
0000000002510,00001.000000
0000000002511,00001.000000
0000000002512,00001.000000
0000000002513,00001.000000
0000000002514,00001.000000
0000000002515,00001.000000
0000000002516,00001.000000
0000000002517,00001.000000
0000000002518,00001.000000
0000000002519,00001.000000
0000000002520,00001.000000
0000000002521,00001.000000
0000000002522,00001.000000
0000000002523,00001.000000
0000000002524,00001.000000
0000000002525,00001.000000
0000000002526,00001.000000
0000000002527,00001.000000
0000000002528,00001.000000
0000000002529,00001.000000
0000000002530,00001.000000
0000000002531,00001.000000
0000000002532,00001.000000
0000000002533,00001.000000
0000000002534,00001.000000
0000000002535,00001.000000
0000000002536,00001.000000
0000000002537,00001.000000
0000000002538,00001.000000
0000000002539,00001.000000
0000000002540,00001.000000
0000000002541,00001.000000
0000000002542,00001.000000
0000000002543,00001.000000
0000000002544,00001.000000
0000000002545,00001.000000
0000000002546,00001.000000
0000000002547,00001.000000
0000000002548,00001.000000
0000000002549,00001.000000
0000000002550,00001.000000
0000000002551,00001.000000
0000000002552,00001.000000
0000000002553,00001.000000
0000000002554,00001.000000
0000000002555,00001.000000
0000000002556,00001.000000
0000000002557,00001.000000
0000000002558,00001.000000
0000000002559,00001.000000
0000000002560,00001.000000
0000000002561,00001.000000
0000000002562,00001.000000
0000000002563,00001.000000
0000000002564,00001.000000
0000000002565,00000.000000
0000000002566,00000.000000
0000000002567,00000.000000
0000000002568,00000.000000
0000000002569,00000.000000
0000000002570,00000.000000
0000000002571,00000.000000
0000000002572,00000.000000
0000000002573,00000.000000
0000000002574,00000.000000
0000000002575,00000.000000
0000000002576,00000.000000
0000000002577,00000.000000
0000000002578,00000.000000
0000000002579,00000.000000
0000000002580,00000.000000
0000000002581,00000.000000
0000000002582,00000.000000
0000000002583,00000.000000
0000000002584,00000.000000
0000000002585,00000.000000
0000000002586,00000.000000
0000000002587,00000.000000
0000000002588,00000.000000
0000000002589,00000.000000
0000000002590,00000.000000
0000000002591,00000.000000
0000000002592,00000.000000
0000000002593,00000.000000
0000000002594,00000.000000
0000000002595,00000.000000
0000000002596,00000.000000
0000000002597,00000.000000
0000000002598,00000.000000
0000000002599,00000.000000
0000000002600,00000.000000
0000000002601,00000.000000
0000000002602,00000.000000
0000000002603,00000.000000
0000000002604,00000.000000
0000000002605,00000.000000
0000000002606,00000.000000
0000000002607,00000.000000
0000000002608,00000.000000
0000000002609,00000.000000
0000000002610,00000.000000
0000000002611,00000.000000
0000000002612,00000.000000
0000000002613,00000.000000
0000000002614,00000.000000
0000000002615,00000.000000
0000000002616,00000.000000
0000000002617,00000.000000
0000000002618,00000.000000
0000000002619,00000.000000
0000000002620,00000.000000
0000000002621,00000.000000
0000000002622,00000.000000
0000000002623,00000.000000
0000000002624,00000.000000
0000000002625,00000.000000
0000000002626,00000.000000
0000000002627,00000.000000
0000000002628,00000.000000
0000000002629,00000.000000
0000000002630,00000.000000
0000000002631,00000.000000
0000000002632,00000.000000
0000000002633,00000.000000
0000000002634,00000.000000
0000000002635,00000.000000
0000000002636,00000.000000
0000000002637,00000.000000
0000000002638,00000.000000
0000000002639,00000.000000
0000000002640,00000.000000
0000000002641,00000.000000
0000000002642,00000.000000
0000000002643,00000.000000
0000000002644,00000.000000
0000000002645,00000.000000
0000000002646,00000.000000
0000000002647,00000.000000
0000000002648,00000.000000
0000000002649,00000.000000
0000000002650,00000.000000
0000000002651,00000.000000
0000000002652,00000.000000
0000000002653,00000.000000
0000000002654,00000.000000
0000000002655,00000.000000
0000000002656,00000.000000
0000000002657,00000.000000
0000000002658,00000.000000
0000000002659,00000.000000
0000000002660,00000.000000
0000000002661,00000.000000
0000000002662,00000.000000
0000000002663,00000.000000
0000000002664,00000.000000
0000000002665,00000.000000
0000000002666,00000.000000
0000000002667,00000.000000
0000000002668,00000.000000
0000000002669,00000.000000
0000000002670,00000.000000
0000000002671,00000.000000
0000000002672,00000.000000
0000000002673,00000.000000
0000000002674,00000.000000
0000000002675,00000.000000
0000000002676,00000.000000
0000000002677,00000.000000
0000000002678,00000.000000
0000000002679,00000.000000
0000000002680,00000.000000
0000000002681,00000.000000
0000000002682,00000.000000
0000000002683,00000.000000
0000000002684,00000.000000
0000000002685,00000.000000
0000000002686,00000.000000
0000000002687,00000.000000
0000000002688,00000.000000
0000000002689,00000.000000
0000000002690,00000.000000
0000000002691,00000.000000
0000000002692,00000.000000
0000000002693,00000.000000
0000000002694,00000.000000
0000000002695,00000.000000
0000000002696,00000.000000
0000000002697,00000.000000
0000000002698,00000.000000
0000000002699,00000.000000
0000000002700,00000.000000
0000000002701,00000.000000
0000000002702,00000.000000
0000000002703,00000.000000
0000000002704,00000.000000
0000000002705,00000.000000
0000000002706,00000.000000
0000000002707,00000.000000
0000000002708,00000.000000
0000000002709,00000.000000
0000000002710,00000.000000
0000000002711,00000.000000
0000000002712,00000.000000
0000000002713,00000.000000
0000000002714,00000.000000
0000000002715,00001.000000
0000000002716,00001.000000
0000000002717,00001.000000
0000000002718,00001.000000
0000000002719,00001.000000
0000000002720,00001.000000
0000000002721,00001.000000
0000000002722,00001.000000
0000000002723,00001.000000
0000000002724,00001.000000
0000000002725,00001.000000
0000000002726,00001.000000
0000000002727,00001.000000
0000000002728,00001.000000
0000000002729,00001.000000
0000000002730,00001.000000
0000000002731,00001.000000
0000000002732,00001.000000
0000000002733,00001.000000
0000000002734,00001.000000
0000000002735,00001.000000
0000000002736,00001.000000
0000000002737,00001.000000
0000000002738,00001.000000
0000000002739,00001.000000
0000000002740,00001.000000
0000000002741,00001.000000
0000000002742,00001.000000
0000000002743,00001.000000
0000000002744,00001.000000
0000000002745,00001.000000
0000000002746,00001.000000
0000000002747,00001.000000
0000000002748,00001.000000
0000000002749,00001.000000
0000000002750,00001.000000
0000000002751,00001.000000
0000000002752,00001.000000
0000000002753,00001.000000
0000000002754,00001.000000
0000000002755,00001.000000
0000000002756,00001.000000
0000000002757,00001.000000
0000000002758,00001.000000
0000000002759,00001.000000
0000000002760,00001.000000
0000000002761,00001.000000
0000000002762,00001.000000
0000000002763,00001.000000
0000000002764,00001.000000
0000000002765,00001.000000
0000000002766,00001.000000
0000000002767,00001.000000
0000000002768,00001.000000
0000000002769,00001.000000
0000000002770,00001.000000
0000000002771,00001.000000
0000000002772,00001.000000
0000000002773,00001.000000
0000000002774,00001.000000
0000000002775,00001.000000
0000000002776,00001.000000
0000000002777,00001.000000
0000000002778,00001.000000
0000000002779,00001.000000
0000000002780,00001.000000
0000000002781,00001.000000
0000000002782,00001.000000
0000000002783,00001.000000
0000000002784,00001.000000
0000000002785,00001.000000
0000000002786,00001.000000
0000000002787,00001.000000
0000000002788,00001.000000
0000000002789,00001.000000
0000000002790,00001.000000
0000000002791,00001.000000
0000000002792,00001.000000
0000000002793,00001.000000
0000000002794,00001.000000
0000000002795,00001.000000
0000000002796,00001.000000
0000000002797,00001.000000
0000000002798,00001.000000
0000000002799,00001.000000
0000000002800,00001.000000
0000000002801,00001.000000
0000000002802,00001.000000
0000000002803,00001.000000
0000000002804,00001.000000
0000000002805,00001.000000
0000000002806,00001.000000
0000000002807,00001.000000
0000000002808,00001.000000
0000000002809,00001.000000
0000000002810,00001.000000
0000000002811,00001.000000
0000000002812,00001.000000
0000000002813,00001.000000
0000000002814,00001.000000
0000000002815,00001.000000
0000000002816,00001.000000
0000000002817,00001.000000
0000000002818,00001.000000
0000000002819,00001.000000
0000000002820,00001.000000
0000000002821,00001.000000
0000000002822,00001.000000
0000000002823,00001.000000
0000000002824,00001.000000
0000000002825,00001.000000
0000000002826,00001.000000
0000000002827,00001.000000
0000000002828,00001.000000
0000000002829,00001.000000
0000000002830,00001.000000
0000000002831,00001.000000
0000000002832,00001.000000
0000000002833,00001.000000
0000000002834,00001.000000
0000000002835,00001.000000
0000000002836,00001.000000
0000000002837,00001.000000
0000000002838,00001.000000
0000000002839,00001.000000
0000000002840,00001.000000
0000000002841,00001.000000
0000000002842,00001.000000
0000000002843,00001.000000
0000000002844,00001.000000
0000000002845,00001.000000
0000000002846,00001.000000
0000000002847,00001.000000
0000000002848,00000.000000
0000000002849,00000.000000
0000000002850,00000.000000
0000000002851,00000.000000
0000000002852,00000.000000
0000000002853,00000.000000
0000000002854,00000.000000
0000000002855,00000.000000
0000000002856,00000.000000
0000000002857,00000.000000
0000000002858,00000.000000
0000000002859,00000.000000
0000000002860,00000.000000
0000000002861,00000.000000
0000000002862,00000.000000
0000000002863,00000.000000
0000000002864,00000.000000
0000000002865,00000.000000
0000000002866,00000.000000
0000000002867,00000.000000
0000000002868,00000.000000
0000000002869,00000.000000
0000000002870,00000.000000
0000000002871,00000.000000
0000000002872,00000.000000
0000000002873,00000.000000
0000000002874,00000.000000
0000000002875,00000.000000
0000000002876,00000.000000
0000000002877,00000.000000
0000000002878,00000.000000
0000000002879,00000.000000
0000000002880,00000.000000
0000000002881,00000.000000
0000000002882,00000.000000
0000000002883,00000.000000
0000000002884,00000.000000
0000000002885,00000.000000
0000000002886,00000.000000
0000000002887,00000.000000
0000000002888,00000.000000
0000000002889,00000.000000
0000000002890,00000.000000
0000000002891,00000.000000
0000000002892,00000.000000
0000000002893,00000.000000
0000000002894,00000.000000
0000000002895,00000.000000
0000000002896,00000.000000
0000000002897,00000.000000
0000000002898,00000.000000
0000000002899,00000.000000
0000000002900,00000.000000
0000000002901,00000.000000
0000000002902,00000.000000
0000000002903,00000.000000
0000000002904,00000.000000
0000000002905,00000.000000
0000000002906,00000.000000
0000000002907,00000.000000
0000000002908,00000.000000
0000000002909,00000.000000
0000000002910,00000.000000
0000000002911,00000.000000
0000000002912,00000.000000
0000000002913,00000.000000
0000000002914,00000.000000
0000000002915,00000.000000
0000000002916,00000.000000
0000000002917,00000.000000
0000000002918,00000.000000
0000000002919,00000.000000
0000000002920,00000.000000
0000000002921,00000.000000
0000000002922,00000.000000
0000000002923,00000.000000
0000000002924,00000.000000
0000000002925,00000.000000
0000000002926,00000.000000
0000000002927,00000.000000
0000000002928,00000.000000
0000000002929,00000.000000
0000000002930,00000.000000
0000000002931,00000.000000
0000000002932,00000.000000
0000000002933,00000.000000
0000000002934,00000.000000
0000000002935,00000.000000
0000000002936,00000.000000
0000000002937,00000.000000
0000000002938,00000.000000
0000000002939,00000.000000
0000000002940,00000.000000
0000000002941,00000.000000
0000000002942,00000.000000
0000000002943,00000.000000
0000000002944,00000.000000
0000000002945,00000.000000
0000000002946,00000.000000
0000000002947,00000.000000
0000000002948,00000.000000
0000000002949,00000.000000
0000000002950,00000.000000
0000000002951,00000.000000
0000000002952,00000.000000
0000000002953,00000.000000
0000000002954,00000.000000
0000000002955,00000.000000
0000000002956,00000.000000
0000000002957,00000.000000
0000000002958,00000.000000
0000000002959,00000.000000
0000000002960,00000.000000
0000000002961,00000.000000
0000000002962,00000.000000
0000000002963,00000.000000
0000000002964,00000.000000
0000000002965,00000.000000
0000000002966,00000.000000
0000000002967,00000.000000
0000000002968,00000.000000
0000000002969,00000.000000
0000000002970,00000.000000
0000000002971,00000.000000
0000000002972,00000.000000
0000000002973,00000.000000
0000000002974,00000.000000
0000000002975,00000.000000
0000000002976,00000.000000
0000000002977,00000.000000
0000000002978,00000.000000
0000000002979,00000.000000
0000000002980,00000.000000
0000000002981,00000.000000
0000000002982,00000.000000
0000000002983,00000.000000
0000000002984,00000.000000
0000000002985,00000.000000
0000000002986,00000.000000
0000000002987,00000.000000
0000000002988,00000.000000
0000000002989,00000.000000
0000000002990,00000.000000
0000000002991,00000.000000
0000000002992,00000.000000
0000000002993,00000.000000
0000000002994,00000.000000
0000000002995,00000.000000
0000000002996,00001.000000
0000000002997,00001.000000
0000000002998,00001.000000
0000000002999,00001.000000
0000000003000,00001.000000
0000000003001,00001.000000
0000000003002,00001.000000
0000000003003,00001.000000
0000000003004,00001.000000
0000000003005,00001.000000
0000000003006,00001.000000
0000000003007,00001.000000
0000000003008,00001.000000
0000000003009,00001.000000
0000000003010,00001.000000
0000000003011,00001.000000
0000000003012,00001.000000
0000000003013,00001.000000
0000000003014,00001.000000
0000000003015,00001.000000
0000000003016,00001.000000
0000000003017,00001.000000
0000000003018,00001.000000
0000000003019,00001.000000
0000000003020,00001.000000
0000000003021,00001.000000
0000000003022,00001.000000
0000000003023,00001.000000
0000000003024,00001.000000
0000000003025,00001.000000
0000000003026,00001.000000
0000000003027,00001.000000
0000000003028,00001.000000
0000000003029,00001.000000
0000000003030,00001.000000
0000000003031,00001.000000
0000000003032,00001.000000
0000000003033,00001.000000
0000000003034,00001.000000
0000000003035,00001.000000
0000000003036,00001.000000
0000000003037,00001.000000
0000000003038,00001.000000
0000000003039,00001.000000
0000000003040,00001.000000
0000000003041,00001.000000
0000000003042,00001.000000
0000000003043,00001.000000
0000000003044,00001.000000
0000000003045,00001.000000
0000000003046,00001.000000
0000000003047,00001.000000
0000000003048,00001.000000
0000000003049,00001.000000
0000000003050,00001.000000
0000000003051,00001.000000
0000000003052,00001.000000
0000000003053,00001.000000
0000000003054,00001.000000
0000000003055,00001.000000
0000000003056,00001.000000
0000000003057,00001.000000
0000000003058,00001.000000
0000000003059,00001.000000
0000000003060,00001.000000
0000000003061,00001.000000
0000000003062,00001.000000
0000000003063,00000.000000
0000000003064,00000.000000
0000000003065,00000.000000
0000000003066,00000.000000
0000000003067,00000.000000
0000000003068,00000.000000
0000000003069,00000.000000
0000000003070,00000.000000
0000000003071,00000.000000
0000000003072,00000.000000
0000000003073,00000.000000
0000000003074,00000.000000
0000000003075,00000.000000
0000000003076,00000.000000
0000000003077,00000.000000
0000000003078,00000.000000
0000000003079,00000.000000
0000000003080,00000.000000
0000000003081,00000.000000
0000000003082,00000.000000
0000000003083,00000.000000
0000000003084,00000.000000
0000000003085,00000.000000
0000000003086,00000.000000
0000000003087,00000.000000
0000000003088,00000.000000
0000000003089,00000.000000
0000000003090,00000.000000
0000000003091,00000.000000
0000000003092,00000.000000
0000000003093,00000.000000
0000000003094,00000.000000
0000000003095,00000.000000
0000000003096,00000.000000
0000000003097,00000.000000
0000000003098,00000.000000
0000000003099,00000.000000
0000000003100,00000.000000
0000000003101,00000.000000
0000000003102,00000.000000
0000000003103,00000.000000
0000000003104,00000.000000
0000000003105,00000.000000
0000000003106,00000.000000
0000000003107,00000.000000
0000000003108,00000.000000
0000000003109,00000.000000
0000000003110,00000.000000
0000000003111,00000.000000
0000000003112,00000.000000
0000000003113,00000.000000
0000000003114,00000.000000
0000000003115,00000.000000
0000000003116,00000.000000
0000000003117,00000.000000
0000000003118,00000.000000
0000000003119,00000.000000
0000000003120,00000.000000
0000000003121,00000.000000
0000000003122,00000.000000
0000000003123,00000.000000
0000000003124,00000.000000
0000000003125,00000.000000
0000000003126,00000.000000
0000000003127,00000.000000
0000000003128,00000.000000
0000000003129,00000.000000
0000000003130,00000.000000
0000000003131,00000.000000
0000000003132,00000.000000
0000000003133,00000.000000
0000000003134,00000.000000
0000000003135,00000.000000
0000000003136,00000.000000
0000000003137,00000.000000
0000000003138,00000.000000
0000000003139,00000.000000
0000000003140,00000.000000
0000000003141,00000.000000
0000000003142,00000.000000
0000000003143,00000.000000
0000000003144,00000.000000
0000000003145,00000.000000
0000000003146,00000.000000
0000000003147,00000.000000
0000000003148,00000.000000
0000000003149,00000.000000
0000000003150,00000.000000
0000000003151,00000.000000
0000000003152,00000.000000
0000000003153,00000.000000
0000000003154,00000.000000
0000000003155,00000.000000
0000000003156,00000.000000
0000000003157,00000.000000
0000000003158,00000.000000
0000000003159,00000.000000
0000000003160,00000.000000
0000000003161,00000.000000
0000000003162,00000.000000
0000000003163,00000.000000
0000000003164,00000.000000
0000000003165,00000.000000
0000000003166,00000.000000
0000000003167,00000.000000
0000000003168,00000.000000
0000000003169,00000.000000
0000000003170,00000.000000
0000000003171,00000.000000
0000000003172,00000.000000
0000000003173,00000.000000
0000000003174,00000.000000
0000000003175,00000.000000
0000000003176,00000.000000
0000000003177,00000.000000
0000000003178,00000.000000
0000000003179,00000.000000
0000000003180,00000.000000
0000000003181,00000.000000
0000000003182,00000.000000
0000000003183,00000.000000
0000000003184,00000.000000
0000000003185,00000.000000
0000000003186,00000.000000
0000000003187,00000.000000
0000000003188,00000.000000
0000000003189,00000.000000
0000000003190,00000.000000
0000000003191,00000.000000
0000000003192,00000.000000
0000000003193,00000.000000
0000000003194,00000.000000
0000000003195,00000.000000
0000000003196,00000.000000
0000000003197,00000.000000
0000000003198,00000.000000
0000000003199,00000.000000
0000000003200,00000.000000
0000000003201,00000.000000
0000000003202,00000.000000
0000000003203,00000.000000
0000000003204,00000.000000
0000000003205,00000.000000
0000000003206,00000.000000
0000000003207,00000.000000
0000000003208,00000.000000
0000000003209,00000.000000
0000000003210,00000.000000
0000000003211,00000.000000
0000000003212,00000.000000
0000000003213,00000.000000
0000000003214,00001.000000
0000000003215,00001.000000
0000000003216,00001.000000
0000000003217,00001.000000
0000000003218,00001.000000
0000000003219,00001.000000
0000000003220,00001.000000
0000000003221,00001.000000
0000000003222,00001.000000
0000000003223,00001.000000
0000000003224,00001.000000
0000000003225,00001.000000
0000000003226,00001.000000
0000000003227,00001.000000
0000000003228,00001.000000
0000000003229,00001.000000
0000000003230,00001.000000
0000000003231,00001.000000
0000000003232,00001.000000
0000000003233,00001.000000
0000000003234,00001.000000
0000000003235,00001.000000
0000000003236,00001.000000
0000000003237,00001.000000
0000000003238,00001.000000
0000000003239,00001.000000
0000000003240,00001.000000
0000000003241,00001.000000
0000000003242,00001.000000
0000000003243,00001.000000
0000000003244,00001.000000
0000000003245,00001.000000
0000000003246,00001.000000
0000000003247,00001.000000
0000000003248,00001.000000
0000000003249,00001.000000
0000000003250,00001.000000
0000000003251,00001.000000
0000000003252,00001.000000
0000000003253,00001.000000
0000000003254,00001.000000
0000000003255,00001.000000
0000000003256,00001.000000
0000000003257,00001.000000
0000000003258,00001.000000
0000000003259,00001.000000
0000000003260,00001.000000
0000000003261,00001.000000
0000000003262,00001.000000
0000000003263,00001.000000
0000000003264,00001.000000
0000000003265,00001.000000
0000000003266,00001.000000
0000000003267,00001.000000
0000000003268,00001.000000
0000000003269,00001.000000
0000000003270,00001.000000
0000000003271,00001.000000
0000000003272,00001.000000
0000000003273,00001.000000
0000000003274,00001.000000
0000000003275,00001.000000
0000000003276,00001.000000
0000000003277,00001.000000
0000000003278,00001.000000
0000000003279,00001.000000
0000000003280,00001.000000
0000000003281,00001.000000
0000000003282,00001.000000
0000000003283,00001.000000
0000000003284,00001.000000
0000000003285,00001.000000
0000000003286,00001.000000
0000000003287,00001.000000
0000000003288,00001.000000
0000000003289,00001.000000
0000000003290,00001.000000
0000000003291,00001.000000
0000000003292,00001.000000
0000000003293,00001.000000
0000000003294,00001.000000
0000000003295,00001.000000
0000000003296,00001.000000
0000000003297,00001.000000
0000000003298,00001.000000
0000000003299,00001.000000
0000000003300,00001.000000
0000000003301,00001.000000
0000000003302,00001.000000
0000000003303,00001.000000
0000000003304,00001.000000
0000000003305,00001.000000
0000000003306,00001.000000
0000000003307,00001.000000
0000000003308,00001.000000
0000000003309,00001.000000
0000000003310,00001.000000
0000000003311,00001.000000
0000000003312,00001.000000
0000000003313,00001.000000
0000000003314,00001.000000
0000000003315,00001.000000
0000000003316,00001.000000
0000000003317,00001.000000
0000000003318,00001.000000
0000000003319,00001.000000
0000000003320,00001.000000
0000000003321,00001.000000
0000000003322,00001.000000
0000000003323,00001.000000
0000000003324,00001.000000
0000000003325,00001.000000
0000000003326,00001.000000
0000000003327,00001.000000
0000000003328,00001.000000
0000000003329,00001.000000
0000000003330,00001.000000
0000000003331,00001.000000
0000000003332,00001.000000
0000000003333,00001.000000
0000000003334,00001.000000
0000000003335,00001.000000
0000000003336,00001.000000
0000000003337,00001.000000
0000000003338,00001.000000
0000000003339,00001.000000
0000000003340,00001.000000
0000000003341,00001.000000
0000000003342,00001.000000
0000000003343,00001.000000
0000000003344,00000.000000
0000000003345,00000.000000
0000000003346,00000.000000
0000000003347,00000.000000
0000000003348,00000.000000
0000000003349,00000.000000
0000000003350,00000.000000
0000000003351,00000.000000
0000000003352,00000.000000
0000000003353,00000.000000
0000000003354,00000.000000
0000000003355,00000.000000
0000000003356,00000.000000
0000000003357,00000.000000
0000000003358,00000.000000
0000000003359,00000.000000
0000000003360,00000.000000
0000000003361,00000.000000
0000000003362,00000.000000
0000000003363,00000.000000
0000000003364,00000.000000
0000000003365,00000.000000
0000000003366,00000.000000
0000000003367,00000.000000
0000000003368,00000.000000
0000000003369,00000.000000
0000000003370,00000.000000
0000000003371,00000.000000
0000000003372,00000.000000
0000000003373,00000.000000
0000000003374,00000.000000
0000000003375,00000.000000
0000000003376,00000.000000
0000000003377,00000.000000
0000000003378,00000.000000
0000000003379,00000.000000
0000000003380,00000.000000
0000000003381,00000.000000
0000000003382,00000.000000
0000000003383,00000.000000
0000000003384,00000.000000
0000000003385,00000.000000
0000000003386,00000.000000
0000000003387,00000.000000
0000000003388,00000.000000
0000000003389,00000.000000
0000000003390,00000.000000
0000000003391,00000.000000
0000000003392,00000.000000
0000000003393,00000.000000
0000000003394,00000.000000
0000000003395,00000.000000
0000000003396,00000.000000
0000000003397,00000.000000
0000000003398,00000.000000
0000000003399,00000.000000
0000000003400,00000.000000
0000000003401,00000.000000
0000000003402,00000.000000
0000000003403,00000.000000
0000000003404,00000.000000
0000000003405,00000.000000
0000000003406,00000.000000
0000000003407,00000.000000
0000000003408,00000.000000
0000000003409,00000.000000
0000000003410,00000.000000
0000000003411,00000.000000
0000000003412,00000.000000
0000000003413,00000.000000
0000000003414,00000.000000
0000000003415,00000.000000
0000000003416,00000.000000
0000000003417,00000.000000
0000000003418,00000.000000
0000000003419,00000.000000
0000000003420,00000.000000
0000000003421,00000.000000
0000000003422,00000.000000
0000000003423,00000.000000
0000000003424,00000.000000
0000000003425,00000.000000
0000000003426,00000.000000
0000000003427,00000.000000
0000000003428,00000.000000
0000000003429,00000.000000
0000000003430,00000.000000
0000000003431,00000.000000
0000000003432,00000.000000
0000000003433,00000.000000
0000000003434,00000.000000
0000000003435,00000.000000
0000000003436,00000.000000
0000000003437,00000.000000
0000000003438,00000.000000
0000000003439,00000.000000
0000000003440,00000.000000
0000000003441,00000.000000
0000000003442,00000.000000
0000000003443,00000.000000
0000000003444,00000.000000
0000000003445,00000.000000
0000000003446,00000.000000
0000000003447,00000.000000
0000000003448,00000.000000
0000000003449,00000.000000
0000000003450,00000.000000
0000000003451,00000.000000
0000000003452,00000.000000
0000000003453,00000.000000
0000000003454,00000.000000
0000000003455,00000.000000
0000000003456,00000.000000
0000000003457,00000.000000
0000000003458,00000.000000
0000000003459,00000.000000
0000000003460,00000.000000
0000000003461,00000.000000
0000000003462,00000.000000
0000000003463,00000.000000
0000000003464,00000.000000
0000000003465,00000.000000
0000000003466,00000.000000
0000000003467,00000.000000
0000000003468,00000.000000
0000000003469,00000.000000
0000000003470,00000.000000
0000000003471,00000.000000
0000000003472,00000.000000
0000000003473,00000.000000
0000000003474,00000.000000
0000000003475,00000.000000
0000000003476,00000.000000
0000000003477,00000.000000
0000000003478,00000.000000
0000000003479,00000.000000
0000000003480,00000.000000
0000000003481,00000.000000
0000000003482,00000.000000
0000000003483,00000.000000
0000000003484,00000.000000
0000000003485,00000.000000
0000000003486,00000.000000
0000000003487,00000.000000
0000000003488,00000.000000
0000000003489,00000.000000
0000000003490,00000.000000
0000000003491,00000.000000
0000000003492,00000.000000
0000000003493,00000.000000
0000000003494,00000.000000
0000000003495,00001.000000
0000000003496,00001.000000
0000000003497,00001.000000
0000000003498,00001.000000
0000000003499,00001.000000
0000000003500,00001.000000
0000000003501,00001.000000
0000000003502,00001.000000
0000000003503,00001.000000
0000000003504,00001.000000
0000000003505,00001.000000
0000000003506,00001.000000
0000000003507,00001.000000
0000000003508,00001.000000
0000000003509,00001.000000
0000000003510,00001.000000
0000000003511,00001.000000
0000000003512,00001.000000
0000000003513,00001.000000
0000000003514,00001.000000
0000000003515,00001.000000
0000000003516,00001.000000
0000000003517,00001.000000
0000000003518,00001.000000
0000000003519,00001.000000
0000000003520,00001.000000
0000000003521,00001.000000
0000000003522,00001.000000
0000000003523,00001.000000
0000000003524,00001.000000
0000000003525,00001.000000
0000000003526,00001.000000
0000000003527,00001.000000
0000000003528,00001.000000
0000000003529,00001.000000
0000000003530,00001.000000
0000000003531,00001.000000
0000000003532,00001.000000
0000000003533,00001.000000
0000000003534,00001.000000
0000000003535,00001.000000
0000000003536,00001.000000
0000000003537,00001.000000
0000000003538,00001.000000
0000000003539,00001.000000
0000000003540,00001.000000
0000000003541,00001.000000
0000000003542,00001.000000
0000000003543,00001.000000
0000000003544,00001.000000
0000000003545,00001.000000
0000000003546,00001.000000
0000000003547,00001.000000
0000000003548,00001.000000
0000000003549,00001.000000
0000000003550,00001.000000
0000000003551,00001.000000
0000000003552,00001.000000
0000000003553,00001.000000
0000000003554,00001.000000
0000000003555,00001.000000
0000000003556,00001.000000
0000000003557,00001.000000
0000000003558,00001.000000
0000000003559,00001.000000
0000000003560,00001.000000
0000000003561,00001.000000
0000000003562,00001.000000
0000000003563,00000.000000
0000000003564,00000.000000
0000000003565,00000.000000
0000000003566,00000.000000
0000000003567,00000.000000
0000000003568,00000.000000
0000000003569,00000.000000
0000000003570,00000.000000
0000000003571,00000.000000
0000000003572,00000.000000
0000000003573,00000.000000
0000000003574,00000.000000
0000000003575,00000.000000
0000000003576,00000.000000
0000000003577,00000.000000
0000000003578,00000.000000
0000000003579,00000.000000
0000000003580,00000.000000
0000000003581,00000.000000
0000000003582,00000.000000
0000000003583,00000.000000
0000000003584,00000.000000
0000000003585,00000.000000
0000000003586,00000.000000
0000000003587,00000.000000
0000000003588,00000.000000
0000000003589,00000.000000
0000000003590,00000.000000
0000000003591,00000.000000
0000000003592,00000.000000
0000000003593,00000.000000
0000000003594,00000.000000
0000000003595,00000.000000
0000000003596,00000.000000
0000000003597,00000.000000
0000000003598,00000.000000
0000000003599,00000.000000
0000000003600,00000.000000
0000000003601,00000.000000
0000000003602,00000.000000
0000000003603,00000.000000
0000000003604,00000.000000
0000000003605,00000.000000
0000000003606,00000.000000
0000000003607,00000.000000
0000000003608,00000.000000
0000000003609,00000.000000
0000000003610,00000.000000
0000000003611,00000.000000
0000000003612,00000.000000
0000000003613,00000.000000
0000000003614,00000.000000
0000000003615,00000.000000
0000000003616,00000.000000
0000000003617,00000.000000
0000000003618,00000.000000
0000000003619,00000.000000
0000000003620,00000.000000
0000000003621,00000.000000
0000000003622,00000.000000
0000000003623,00000.000000
0000000003624,00000.000000
0000000003625,00000.000000
0000000003626,00000.000000
0000000003627,00000.000000
0000000003628,00000.000000
0000000003629,00000.000000
0000000003630,00000.000000
0000000003631,00000.000000
0000000003632,00000.000000
0000000003633,00000.000000
0000000003634,00000.000000
0000000003635,00000.000000
0000000003636,00000.000000
0000000003637,00000.000000
0000000003638,00000.000000
0000000003639,00000.000000
0000000003640,00000.000000
0000000003641,00000.000000
0000000003642,00000.000000
0000000003643,00000.000000
0000000003644,00000.000000
0000000003645,00000.000000
0000000003646,00000.000000
0000000003647,00000.000000
0000000003648,00000.000000
0000000003649,00000.000000
0000000003650,00000.000000
0000000003651,00000.000000
0000000003652,00000.000000
0000000003653,00000.000000
0000000003654,00000.000000
0000000003655,00000.000000
0000000003656,00000.000000
0000000003657,00000.000000
0000000003658,00000.000000
0000000003659,00000.000000
0000000003660,00000.000000
0000000003661,00000.000000
0000000003662,00000.000000
0000000003663,00000.000000
0000000003664,00000.000000
0000000003665,00000.000000
0000000003666,00000.000000
0000000003667,00000.000000
0000000003668,00000.000000
0000000003669,00000.000000
0000000003670,00000.000000
0000000003671,00000.000000
0000000003672,00000.000000
0000000003673,00000.000000
0000000003674,00000.000000
0000000003675,00000.000000
0000000003676,00000.000000
0000000003677,00000.000000
0000000003678,00000.000000
0000000003679,00000.000000
0000000003680,00000.000000
0000000003681,00000.000000
0000000003682,00000.000000
0000000003683,00000.000000
0000000003684,00000.000000
0000000003685,00000.000000
0000000003686,00000.000000
0000000003687,00000.000000
0000000003688,00000.000000
0000000003689,00000.000000
0000000003690,00000.000000
0000000003691,00000.000000
0000000003692,00000.000000
0000000003693,00000.000000
0000000003694,00000.000000
0000000003695,00000.000000
0000000003696,00000.000000
0000000003697,00000.000000
0000000003698,00000.000000
0000000003699,00000.000000
0000000003700,00000.000000
0000000003701,00000.000000
0000000003702,00000.000000
0000000003703,00000.000000
0000000003704,00000.000000
0000000003705,00000.000000
0000000003706,00000.000000
0000000003707,00000.000000
0000000003708,00000.000000
0000000003709,00000.000000
0000000003710,00000.000000
0000000003711,00001.000000
0000000003712,00001.000000
0000000003713,00001.000000
0000000003714,00001.000000
0000000003715,00001.000000
0000000003716,00001.000000
0000000003717,00001.000000
0000000003718,00001.000000
0000000003719,00001.000000
0000000003720,00001.000000
0000000003721,00001.000000
0000000003722,00001.000000
0000000003723,00001.000000
0000000003724,00001.000000
0000000003725,00001.000000
0000000003726,00001.000000
0000000003727,00001.000000
0000000003728,00001.000000
0000000003729,00001.000000
0000000003730,00001.000000
0000000003731,00001.000000
0000000003732,00001.000000
0000000003733,00001.000000
0000000003734,00001.000000
0000000003735,00001.000000
0000000003736,00001.000000
0000000003737,00001.000000
0000000003738,00001.000000
0000000003739,00001.000000
0000000003740,00001.000000
0000000003741,00001.000000
0000000003742,00001.000000
0000000003743,00001.000000
0000000003744,00001.000000
0000000003745,00001.000000
0000000003746,00001.000000
0000000003747,00001.000000
0000000003748,00001.000000
0000000003749,00001.000000
0000000003750,00001.000000
0000000003751,00001.000000
0000000003752,00001.000000
0000000003753,00001.000000
0000000003754,00001.000000
0000000003755,00001.000000
0000000003756,00001.000000
0000000003757,00001.000000
0000000003758,00001.000000
0000000003759,00001.000000
0000000003760,00001.000000
0000000003761,00001.000000
0000000003762,00001.000000
0000000003763,00001.000000
0000000003764,00001.000000
0000000003765,00001.000000
0000000003766,00001.000000
0000000003767,00001.000000
0000000003768,00001.000000
0000000003769,00001.000000
0000000003770,00001.000000
0000000003771,00001.000000
0000000003772,00001.000000
0000000003773,00001.000000
0000000003774,00001.000000
0000000003775,00001.000000
0000000003776,00001.000000
0000000003777,00001.000000
0000000003778,00001.000000
0000000003779,00001.000000
0000000003780,00001.000000
0000000003781,00001.000000
0000000003782,00001.000000
0000000003783,00001.000000
0000000003784,00001.000000
0000000003785,00001.000000
0000000003786,00001.000000
0000000003787,00001.000000
0000000003788,00001.000000
0000000003789,00001.000000
0000000003790,00001.000000
0000000003791,00001.000000
0000000003792,00001.000000
0000000003793,00001.000000
0000000003794,00001.000000
0000000003795,00001.000000
0000000003796,00001.000000
0000000003797,00001.000000
0000000003798,00001.000000
0000000003799,00001.000000
0000000003800,00001.000000
0000000003801,00001.000000
0000000003802,00001.000000
0000000003803,00001.000000
0000000003804,00001.000000
0000000003805,00001.000000
0000000003806,00001.000000
0000000003807,00001.000000
0000000003808,00001.000000
0000000003809,00001.000000
0000000003810,00001.000000
0000000003811,00001.000000
0000000003812,00001.000000
0000000003813,00001.000000
0000000003814,00001.000000
0000000003815,00001.000000
0000000003816,00001.000000
0000000003817,00001.000000
0000000003818,00001.000000
0000000003819,00001.000000
0000000003820,00001.000000
0000000003821,00001.000000
0000000003822,00001.000000
0000000003823,00001.000000
0000000003824,00001.000000
0000000003825,00001.000000
0000000003826,00001.000000
0000000003827,00001.000000
0000000003828,00001.000000
0000000003829,00001.000000
0000000003830,00001.000000
0000000003831,00001.000000
0000000003832,00001.000000
0000000003833,00001.000000
0000000003834,00001.000000
0000000003835,00001.000000
0000000003836,00001.000000
0000000003837,00001.000000
0000000003838,00001.000000
0000000003839,00001.000000
0000000003840,00001.000000
0000000003841,00001.000000
0000000003842,00000.000000
0000000003843,00000.000000
0000000003844,00000.000000
0000000003845,00000.000000
0000000003846,00000.000000
0000000003847,00000.000000
0000000003848,00000.000000
0000000003849,00000.000000
0000000003850,00000.000000
0000000003851,00000.000000
0000000003852,00000.000000
0000000003853,00000.000000
0000000003854,00000.000000
0000000003855,00000.000000
0000000003856,00000.000000
0000000003857,00000.000000
0000000003858,00000.000000
0000000003859,00000.000000
0000000003860,00000.000000
0000000003861,00000.000000
0000000003862,00000.000000
0000000003863,00000.000000
0000000003864,00000.000000
0000000003865,00000.000000
0000000003866,00000.000000
0000000003867,00000.000000
0000000003868,00000.000000
0000000003869,00000.000000
0000000003870,00000.000000
0000000003871,00000.000000
0000000003872,00000.000000
0000000003873,00000.000000
0000000003874,00000.000000
0000000003875,00000.000000
0000000003876,00000.000000
0000000003877,00000.000000
0000000003878,00000.000000
0000000003879,00000.000000
0000000003880,00000.000000
0000000003881,00000.000000
0000000003882,00000.000000
0000000003883,00000.000000
0000000003884,00000.000000
0000000003885,00000.000000
0000000003886,00000.000000
0000000003887,00000.000000
0000000003888,00000.000000
0000000003889,00000.000000
0000000003890,00000.000000
0000000003891,00000.000000
0000000003892,00000.000000
0000000003893,00000.000000
0000000003894,00000.000000
0000000003895,00000.000000
0000000003896,00000.000000
0000000003897,00000.000000
0000000003898,00000.000000
0000000003899,00000.000000
0000000003900,00000.000000
0000000003901,00000.000000
0000000003902,00000.000000
0000000003903,00000.000000
0000000003904,00000.000000
0000000003905,00000.000000
0000000003906,00000.000000
0000000003907,00000.000000
0000000003908,00000.000000
0000000003909,00000.000000
0000000003910,00000.000000
0000000003911,00000.000000
0000000003912,00000.000000
0000000003913,00000.000000
0000000003914,00000.000000
0000000003915,00000.000000
0000000003916,00000.000000
0000000003917,00000.000000
0000000003918,00000.000000
0000000003919,00000.000000
0000000003920,00000.000000
0000000003921,00000.000000
0000000003922,00000.000000
0000000003923,00000.000000
0000000003924,00000.000000
0000000003925,00000.000000
0000000003926,00000.000000
0000000003927,00000.000000
0000000003928,00000.000000
0000000003929,00000.000000
0000000003930,00000.000000
0000000003931,00000.000000
0000000003932,00000.000000
0000000003933,00000.000000
0000000003934,00000.000000
0000000003935,00000.000000
0000000003936,00000.000000
0000000003937,00000.000000
0000000003938,00000.000000
0000000003939,00000.000000
0000000003940,00000.000000
0000000003941,00000.000000
0000000003942,00000.000000
0000000003943,00000.000000
0000000003944,00000.000000
0000000003945,00000.000000
0000000003946,00000.000000
0000000003947,00000.000000
0000000003948,00000.000000
0000000003949,00000.000000
0000000003950,00000.000000
0000000003951,00000.000000
0000000003952,00000.000000
0000000003953,00000.000000
0000000003954,00000.000000
0000000003955,00000.000000
0000000003956,00000.000000
0000000003957,00000.000000
0000000003958,00000.000000
0000000003959,00000.000000
0000000003960,00000.000000
0000000003961,00000.000000
0000000003962,00000.000000
0000000003963,00000.000000
0000000003964,00000.000000
0000000003965,00000.000000
0000000003966,00000.000000
0000000003967,00000.000000
0000000003968,00000.000000
0000000003969,00000.000000
0000000003970,00000.000000
0000000003971,00000.000000
0000000003972,00000.000000
0000000003973,00000.000000
0000000003974,00000.000000
0000000003975,00000.000000
0000000003976,00000.000000
0000000003977,00000.000000
0000000003978,00000.000000
0000000003979,00000.000000
0000000003980,00000.000000
0000000003981,00000.000000
0000000003982,00000.000000
0000000003983,00000.000000
0000000003984,00000.000000
0000000003985,00000.000000
0000000003986,00000.000000
0000000003987,00000.000000
0000000003988,00000.000000
0000000003989,00000.000000
0000000003990,00000.000000
0000000003991,00000.000000
0000000003992,00001.000000
0000000003993,00001.000000
0000000003994,00001.000000
0000000003995,00001.000000
0000000003996,00001.000000
0000000003997,00001.000000
0000000003998,00001.000000
0000000003999,00001.000000
0000000004000,00001.000000
0000000004001,00001.000000
0000000004002,00001.000000
0000000004003,00001.000000
0000000004004,00001.000000
0000000004005,00001.000000
0000000004006,00001.000000
0000000004007,00001.000000
0000000004008,00001.000000
0000000004009,00001.000000
0000000004010,00001.000000
0000000004011,00001.000000
0000000004012,00001.000000
0000000004013,00001.000000
0000000004014,00001.000000
0000000004015,00001.000000
0000000004016,00001.000000
0000000004017,00001.000000
0000000004018,00001.000000
0000000004019,00001.000000
0000000004020,00001.000000
0000000004021,00001.000000
0000000004022,00001.000000
0000000004023,00001.000000
0000000004024,00001.000000
0000000004025,00001.000000
0000000004026,00001.000000
0000000004027,00001.000000
0000000004028,00001.000000
0000000004029,00001.000000
0000000004030,00001.000000
0000000004031,00001.000000
0000000004032,00001.000000
0000000004033,00001.000000
0000000004034,00001.000000
0000000004035,00001.000000
0000000004036,00001.000000
0000000004037,00001.000000
0000000004038,00001.000000
0000000004039,00001.000000
0000000004040,00001.000000
0000000004041,00001.000000
0000000004042,00001.000000
0000000004043,00001.000000
0000000004044,00001.000000
0000000004045,00001.000000
0000000004046,00001.000000
0000000004047,00001.000000
0000000004048,00001.000000
0000000004049,00001.000000
0000000004050,00001.000000
0000000004051,00001.000000
0000000004052,00001.000000
0000000004053,00001.000000
0000000004054,00001.000000
0000000004055,00001.000000
0000000004056,00001.000000
0000000004057,00000.000000
0000000004058,00000.000000
0000000004059,00000.000000
0000000004060,00000.000000
0000000004061,00000.000000
0000000004062,00000.000000
0000000004063,00000.000000
0000000004064,00000.000000
0000000004065,00000.000000
0000000004066,00000.000000
0000000004067,00000.000000
0000000004068,00000.000000
0000000004069,00000.000000
0000000004070,00000.000000
0000000004071,00000.000000
0000000004072,00000.000000
0000000004073,00000.000000
0000000004074,00000.000000
0000000004075,00000.000000
0000000004076,00000.000000
0000000004077,00000.000000
0000000004078,00000.000000
0000000004079,00000.000000
0000000004080,00000.000000
0000000004081,00000.000000
0000000004082,00000.000000
0000000004083,00000.000000
0000000004084,00000.000000
0000000004085,00000.000000
0000000004086,00000.000000
0000000004087,00000.000000
0000000004088,00000.000000
0000000004089,00000.000000
0000000004090,00000.000000
0000000004091,00000.000000
0000000004092,00000.000000
0000000004093,00000.000000
0000000004094,00000.000000
0000000004095,00000.000000
0000000004096,00000.000000
0000000004097,00000.000000
0000000004098,00000.000000
0000000004099,00000.000000
0000000004100,00000.000000
0000000004101,00000.000000
0000000004102,00000.000000
0000000004103,00000.000000
0000000004104,00000.000000
0000000004105,00000.000000
0000000004106,00000.000000
0000000004107,00000.000000
0000000004108,00000.000000
0000000004109,00000.000000
0000000004110,00000.000000
0000000004111,00000.000000
0000000004112,00000.000000
0000000004113,00000.000000
0000000004114,00000.000000
0000000004115,00000.000000
0000000004116,00000.000000
0000000004117,00000.000000
0000000004118,00000.000000
0000000004119,00000.000000
0000000004120,00000.000000
0000000004121,00000.000000
0000000004122,00000.000000
0000000004123,00000.000000
0000000004124,00000.000000
0000000004125,00000.000000
0000000004126,00000.000000
0000000004127,00000.000000
0000000004128,00000.000000
0000000004129,00000.000000
0000000004130,00000.000000
0000000004131,00000.000000
0000000004132,00000.000000
0000000004133,00000.000000
0000000004134,00000.000000
0000000004135,00000.000000
0000000004136,00000.000000
0000000004137,00000.000000
0000000004138,00000.000000
0000000004139,00000.000000
0000000004140,00000.000000
0000000004141,00000.000000
0000000004142,00000.000000
0000000004143,00000.000000
0000000004144,00000.000000
0000000004145,00000.000000
0000000004146,00000.000000
0000000004147,00000.000000
0000000004148,00000.000000
0000000004149,00000.000000
0000000004150,00000.000000
0000000004151,00000.000000
0000000004152,00000.000000
0000000004153,00000.000000
0000000004154,00000.000000
0000000004155,00000.000000
0000000004156,00000.000000
0000000004157,00000.000000
0000000004158,00000.000000
0000000004159,00000.000000
0000000004160,00000.000000
0000000004161,00000.000000
0000000004162,00000.000000
0000000004163,00000.000000
0000000004164,00000.000000
0000000004165,00000.000000
0000000004166,00000.000000
0000000004167,00000.000000
0000000004168,00000.000000
0000000004169,00000.000000
0000000004170,00000.000000
0000000004171,00000.000000
0000000004172,00000.000000
0000000004173,00000.000000
0000000004174,00000.000000
0000000004175,00000.000000
0000000004176,00000.000000
0000000004177,00000.000000
0000000004178,00000.000000
0000000004179,00000.000000
0000000004180,00000.000000
0000000004181,00000.000000
0000000004182,00000.000000
0000000004183,00000.000000
0000000004184,00000.000000
0000000004185,00000.000000
0000000004186,00000.000000
0000000004187,00000.000000
0000000004188,00000.000000
0000000004189,00000.000000
0000000004190,00000.000000
0000000004191,00000.000000
0000000004192,00000.000000
0000000004193,00000.000000
0000000004194,00000.000000
0000000004195,00000.000000
0000000004196,00000.000000
0000000004197,00000.000000
0000000004198,00000.000000
0000000004199,00000.000000
0000000004200,00000.000000
0000000004201,00000.000000
0000000004202,00000.000000
0000000004203,00000.000000
0000000004204,00000.000000
0000000004205,00000.000000
0000000004206,00000.000000
0000000004207,00000.000000
0000000004208,00000.000000
0000000004209,00000.000000
0000000004210,00000.000000
0000000004211,00000.000000
0000000004212,00000.000000
0000000004213,00000.000000
0000000004214,00000.000000
0000000004215,00000.000000
0000000004216,00000.000000
0000000004217,00000.000000
0000000004218,00000.000000
0000000004219,00000.000000
0000000004220,00000.000000
0000000004221,00000.000000
0000000004222,00000.000000
0000000004223,00000.000000
