0000000000904,00014.074429
0000000000905,00014.089437
0000000000906,00014.104481
0000000000907,00014.124435
0000000000908,00014.139304
0000000000909,00014.154394
0000000000910,00014.169328
0000000000911,00014.184384
0000000000912,00014.199337
0000000000913,00014.214389
0000000000914,00014.229493
0000000000915,00014.244396
0000000000916,00014.260351
0000000000917,00014.280447
0000000000918,00014.295420
0000000000919,00014.310530
0000000000920,00014.325374
0000000000921,00014.340344
0000000000922,00014.355292
0000000000923,00014.370396
0000000000924,00014.385370
0000000000925,00014.400290
0000000000926,00014.420419
0000000000927,00014.435325
0000000000928,00014.450399
0000000000929,00014.465436
0000000000930,00014.480379
0000000000931,00014.495396
0000000000932,00014.510392
0000000000933,00014.525355
0000000000934,00014.545369
0000000000935,00014.560375
0000000000936,00014.575375
0000000000937,00014.590366
0000000000938,00014.606412
0000000000939,00014.621373
0000000000940,00014.636391
0000000000941,00014.651442
0000000000942,00014.666369
0000000000943,00014.684423
0000000000944,00014.699422
0000000000945,00014.715380
0000000000946,00014.730362
0000000000947,00014.745454
0000000000948,00014.760412
0000000000949,00014.775292
0000000000950,00014.790446
0000000000951,00014.810387
0000000000952,00014.825422
0000000000953,00014.840421
0000000000954,00014.855359
0000000000955,00014.870402
0000000000956,00014.885403
0000000000957,00014.900403
0000000000958,00014.915397
0000000000959,00014.935458
0000000000960,00014.950389
0000000000961,00014.965435
0000000000962,00014.980448
0000000000963,00014.995399
0000000000964,00015.010332
0000000000965,00015.025450
0000000000966,00015.040383
0000000000967,00015.060478
0000000000968,00015.075405
0000000000969,00015.090355
0000000000970,00015.105529
0000000000971,00015.120510
0000000000972,00015.135457
0000000000973,00015.150345
0000000000974,00015.165448
0000000000975,00015.180410
0000000000976,00015.200429
0000000000977,00015.215420
0000000000978,00015.230359
0000000000979,00015.245509
0000000000980,00015.260351
0000000000981,00015.275356
0000000000982,00015.290331
0000000000983,00015.305432
0000000000984,00015.325392
0000000000985,00015.340433
0000000000986,00015.355434
0000000000987,00015.370400
0000000000988,00015.385421
0000000000989,00015.400461
0000000000990,00015.415383
0000000000991,00015.430318
0000000000992,00015.450389
0000000000993,00015.465396
0000000000994,00015.480406
0000000000995,00015.495440
0000000000996,00015.510368
0000000000997,00015.525421
0000000000998,00015.540464
0000000000999,00015.555388
0000000001000,00015.570370
0000000001001,00015.590473
0000000001002,00015.605383
0000000001003,00015.620423
0000000001004,00015.635401
0000000001005,00015.650393
0000000001006,00015.665359
0000000001007,00015.680430
0000000001008,00015.695372
0000000001009,00015.715405
0000000001010,00015.730422
0000000001011,00015.745363
0000000001012,00015.760471
0000000001013,00015.775379
0000000001014,00015.790412
0000000001015,00015.805409
0000000001016,00015.820427
0000000001017,00015.840372
0000000001018,00015.855431
0000000001019,00015.870413
0000000001020,00015.885337
0000000001021,00015.900479
0000000001022,00015.915467
0000000001023,00015.930387
0000000001024,00015.945397
0000000001025,00015.960433
0000000001026,00015.980447
0000000001027,00015.995470
0000000001028,00016.010411
0000000001029,00016.025461
0000000001030,00016.040510
0000000001031,00016.055418
0000000001032,00016.070418
0000000001033,00016.085425
0000000001034,00016.105447
0000000001035,00016.120386
0000000001036,00016.136478
0000000001037,00016.151472
0000000001038,00016.166407
0000000001039,00016.181434
0000000001040,00016.196395
0000000001041,00016.211467
0000000001042,00016.226380
0000000001043,00016.241468
0000000001044,00016.261452
0000000001045,00016.276436
0000000001046,00016.291475
0000000001047,00016.306450
0000000001048,00016.321441
0000000001049,00016.336460
0000000001050,00016.351396
0000000001051,00016.366324
0000000001052,00016.386462
0000000001053,00016.401428
0000000001054,00016.416433
0000000001055,00016.431451
0000000001056,00016.446413
0000000001057,00016.461436
0000000001058,00016.476472
0000000001059,00016.491369
0000000001060,00016.506363
0000000001061,00016.526464
0000000001062,00016.541441
0000000001063,00016.556516
0000000001064,00016.571434
0000000001065,00016.586424
0000000001066,00016.601461
0000000001067,00016.616448
0000000001068,00016.631458
0000000001069,00016.651505
0000000001070,00016.666466
0000000001071,00016.678485
0000000001072,00016.696491
0000000001073,00016.711515
0000000001074,00016.726408
0000000001075,00016.741657
0000000001076,00016.756428
0000000001077,00016.771410
0000000001078,00016.791487
0000000001079,00016.806422
0000000001080,00016.821412
0000000001081,00016.836434
0000000001082,00016.851465
0000000001083,00016.866411
0000000001084,00016.881546
0000000001085,00016.896433
0000000001086,00016.916440
0000000001087,00016.931468
0000000001088,00016.946541
0000000001089,00016.961565
0000000001090,00016.976479
0000000001091,00016.991471
0000000001092,00017.006373
0000000001093,00017.021641
0000000001094,00017.041613
0000000001095,00017.052470
0000000001096,00017.072605
0000000001097,00017.087484
0000000001098,00017.102441
0000000001099,00017.117426
0000000001100,00017.132489
0000000001101,00017.147479
0000000001102,00017.162539
0000000001103,00017.177488
0000000001104,00017.198735
0000000001105,00017.212492
0000000001106,00017.227461
0000000001107,00017.242446
0000000001108,00017.257466
0000000001109,00017.272482
0000000001110,00017.287432
0000000001111,00017.304312
0000000001112,00017.318459
0000000001113,00017.333544
0000000001114,00017.353529
0000000001115,00017.368466
0000000001116,00017.383462
0000000001117,00017.398470
0000000001118,00017.413506
0000000001119,00017.428382
0000000001120,00017.443431
0000000001121,00017.458527
0000000001122,00017.473453
0000000001123,00017.493550
0000000001124,00017.508512
0000000001125,00017.523414
0000000001126,00017.538523
0000000001127,00017.553486
0000000001128,00017.568473
0000000001129,00017.583463
0000000001130,00017.598451
0000000001131,00017.618498
0000000001132,00017.633504
0000000001133,00017.648513
0000000001134,00017.663455
0000000001135,00017.678461
0000000001136,00017.693464
0000000001137,00017.708471
0000000001138,00017.723330
0000000001139,00017.743541
0000000001140,00017.758503
0000000001141,00017.773488
0000000001142,00017.788536
0000000001143,00017.803445
0000000001144,00017.818694
0000000001145,00017.833537
0000000001146,00017.848477
0000000001147,00017.863539
0000000001148,00017.883557
0000000001149,00017.898481
0000000001150,00017.913516
0000000001151,00017.928469
0000000001152,00017.943455
0000000001153,00017.958493
0000000001154,00017.973533
0000000001155,00017.988465
0000000001156,00018.008501
0000000001157,00018.019462
0000000001158,00018.039420
0000000001159,00018.054498
0000000001160,00018.069513
0000000001161,00018.084477
0000000001162,00018.099528
0000000001163,00018.114503
0000000001164,00018.129387
0000000001165,00018.144433
0000000001166,00018.164471
0000000001167,00018.179514
0000000001168,00018.194474
0000000001169,00018.209520
0000000001170,00018.224430
0000000001171,00018.239524
0000000001172,00018.254518
0000000001173,00018.269455
0000000001174,00018.289525
0000000001175,00018.304496
0000000001176,00018.319445
0000000001177,00018.334522
0000000001178,00018.349419
0000000001179,00018.364521
0000000001180,00018.379751
0000000001181,00018.394592
0000000001182,00018.409571
0000000001183,00018.429598
0000000001184,00018.444563
0000000001185,00018.459477
0000000001186,00018.474560
0000000001187,00018.489570
0000000001188,00018.504506
0000000001189,00018.519473
0000000001190,00018.534555
0000000001191,00018.554531
0000000001192,00018.569550
0000000001193,00018.584575
0000000001194,00018.599524
0000000001195,00018.614532
0000000001196,00018.629600
0000000001197,00018.644478
0000000001198,00018.659483
0000000001199,00018.679596
0000000001200,00018.694478
0000000001201,00018.709579
0000000001202,00018.724549
0000000001203,00018.739507
0000000001204,00018.754556
0000000001205,00018.769570
0000000001206,00018.784492
0000000001207,00018.799543
0000000001208,00018.819588
0000000001209,00018.834699
0000000001210,00018.849632
0000000001211,00018.864602
0000000001212,00018.879542
0000000001213,00018.894606
0000000001214,00018.909576
0000000001215,00018.924576
0000000001216,00018.944611
0000000001217,00018.959564
0000000001218,00018.974540
0000000001219,00018.989547
0000000001220,00019.004570
0000000001221,00019.019550
0000000001222,00019.045191
0000000001223,00019.070660
0000000001224,00019.093943
0000000001225,00019.115629
0000000001226,00019.137061
0000000001227,00019.158762
0000000001228,00019.183531
0000000001229,00019.204865
0000000001230,00019.230521
0000000001231,00019.251886
0000000001232,00019.275125
0000000001233,00019.296610
0000000001234,00019.320650
0000000001235,00019.342832
0000000001236,00019.364429
0000000001237,00019.387677
0000000001238,00019.409789
0000000001239,00019.433619
0000000001240,00019.455080
0000000001241,00019.476977
0000000001242,00019.500402
0000000001243,00019.522392
0000000001244,00019.543859
0000000001245,00019.565501
0000000001246,00019.589649
0000000001247,00019.611024
0000000001248,00019.636370
0000000001249,00019.657781
0000000001250,00019.681898
0000000001251,00019.703467
0000000001252,00019.728642
0000000001253,00019.750170
0000000001254,00019.773992
0000000001255,00019.795887
0000000001256,00019.817576
0000000001257,00019.839848
0000000001258,00019.861180
0000000001259,00019.883037
0000000001260,00019.904332
0000000001261,00019.929774
0000000001262,00019.951176
0000000001263,00019.972847
0000000001264,00019.997600
0000000001265,00020.018865
0000000001266,00020.041163
0000000001267,00020.067785
0000000001268,00020.090521
0000000001269,00020.115706
0000000001270,00020.137092
0000000001271,00020.161368
0000000001272,00020.182817
0000000001273,00020.204381
0000000001274,00020.228072
0000000001275,00020.251232
0000000001276,00020.276583
0000000001277,00020.298125
0000000001278,00020.320189
0000000001279,00020.341429
0000000001280,00020.363369
0000000001281,00020.384433
0000000001282,00020.405881
0000000001283,00020.427459
0000000001284,00020.451061
0000000001285,00020.474297
0000000001286,00020.496625
0000000001287,00020.518956
0000000001288,00020.543856
0000000001289,00020.565637
0000000001290,00020.589228
0000000001291,00020.610889
0000000001292,00020.634967
0000000001293,00020.657659
0000000001294,00020.679560
0000000001295,00020.702050
0000000001296,00020.724099
0000000001297,00020.745273
0000000001298,00020.769358
0000000001299,00020.791339
0000000001300,00020.813405
0000000001301,00020.835125
0000000001302,00020.859694
0000000001303,00020.883384
0000000001304,00020.958044
0000000001305,00021.024102
0000000001306,00021.051458
0000000001307,00021.079566
0000000001308,00021.101398
0000000001309,00021.122965
0000000001310,00021.144838
0000000001311,00021.166420
0000000001312,00021.187902
0000000001313,00021.209884
0000000001314,00021.231214
0000000001315,00021.253286
0000000001316,00021.274558
0000000001317,00021.296750
0000000001318,00021.318316
0000000001319,00021.339717
0000000001320,00021.361531
0000000001321,00021.383790
0000000001322,00021.405500
0000000001323,00021.427017
0000000001324,00021.448615
0000000001325,00021.470388
0000000001326,00021.491580
0000000001327,00021.513132
0000000001328,00021.534912
0000000001329,00021.558076
0000000001330,00021.582175
0000000001331,00021.603768
0000000001332,00021.625476
0000000001333,00021.646835
0000000001334,00021.668255
0000000001335,00021.690034
0000000001336,00021.711194
0000000001337,00021.732619
0000000001338,00021.754481
0000000001339,00021.775573
0000000001340,00021.797863
0000000001341,00021.820234
0000000001342,00021.842853
0000000001343,00021.865223
0000000001344,00021.888998
0000000001345,00021.915464
0000000001346,00021.938339
0000000001347,00021.962733
0000000001348,00021.989125
0000000001349,00022.011361
0000000001350,00022.037944
0000000001351,00022.060603
0000000001352,00022.088994
0000000001353,00022.115340
0000000001354,00022.139514
0000000001355,00022.162328
0000000001356,00022.171831
0000000001357,00022.186810
0000000001358,00022.201705
0000000001359,00022.216790
0000000001360,00022.231799
0000000001361,00022.251789
0000000001362,00022.266818
0000000001363,00022.281753
0000000001364,00022.296728
0000000001365,00022.311861
0000000001366,00022.326796
0000000001367,00022.341811
0000000001368,00022.356767
0000000001369,00022.376836
0000000001370,00022.391751
0000000001371,00022.406827
0000000001372,00022.421808
0000000001373,00022.436750
0000000001374,00022.451779
0000000001375,00022.466790
0000000001376,00022.481738
0000000001377,00022.496707
0000000001378,00022.516872
0000000001379,00022.531781
0000000001380,00022.546784
0000000001381,00022.561798
0000000001382,00022.576749
0000000001383,00022.591795
0000000001384,00022.607848
0000000001385,00022.622743
0000000001386,00022.637735
0000000001387,00022.652820
0000000001388,00022.672794
0000000001389,00022.687854
0000000001390,00022.702779
0000000001391,00022.717743
0000000001392,00022.732796
0000000001393,00022.747844
0000000001394,00022.762783
0000000001395,00022.777835
0000000001396,00022.797847
0000000001397,00022.812862
0000000001398,00022.827795
0000000001399,00022.842773
0000000001400,00022.857783
0000000001401,00022.872809
0000000001402,00022.887751
0000000001403,00022.902758
0000000001404,00022.922839
0000000001405,00022.937838
0000000001406,00022.952769
0000000001407,00022.967842
0000000001408,00022.982810
0000000001409,00022.997768
0000000001410,00023.012823
0000000001411,00023.027801
0000000001412,00023.042760
0000000001413,00023.062831
0000000001414,00023.077815
0000000001415,00023.092756
0000000001416,00023.107816
0000000001417,00023.122990
0000000001418,00023.137800
0000000001419,00023.152760
0000000001420,00023.167835
0000000001421,00023.188026
0000000001422,00023.202814
0000000001423,00023.217773
0000000001424,00023.232792
0000000001425,00023.247824
0000000001426,00023.262986
0000000001427,00023.277757
0000000001428,00023.292933
0000000001429,00023.312877
0000000001430,00023.327740
0000000001431,00023.342932
0000000001432,00023.357822
0000000001433,00023.372773
0000000001434,00023.387841
0000000001435,00023.402812
0000000001436,00023.417774
0000000001437,00023.433042
0000000001438,00023.452884
0000000001439,00023.467783
0000000001440,00023.482888
0000000001441,00023.497815
0000000001442,00023.512838
0000000001443,00023.527782
0000000001444,00023.542931
0000000001445,00023.557764
0000000001446,00023.577960
0000000001447,00023.592800
0000000001448,00023.607766
0000000001449,00023.622841
0000000001450,00023.637834
0000000001451,00023.652754
0000000001452,00023.667768
0000000001453,00023.682877
0000000001454,00023.702854
0000000001455,00023.717828
0000000001456,00023.732870
0000000001457,00023.747757
0000000001458,00023.763021
0000000001459,00023.777771
0000000001460,00023.792885
0000000001461,00023.807817
0000000001462,00023.822923
0000000001463,00023.842837
0000000001464,00023.857859
0000000001465,00023.872913
0000000001466,00023.887900
0000000001467,00023.902843
0000000001468,00023.917852
0000000001469,00023.932747
0000000001470,00023.947781
0000000001471,00023.968082
0000000001472,00023.982773
0000000001473,00023.997801
0000000001474,00024.012977
0000000001475,00024.027784
0000000001476,00024.042995
0000000001477,00024.057841
0000000001478,00024.073013
0000000001479,00024.092940
0000000001480,00024.107844
0000000001481,00024.122946
0000000001482,00024.137865
0000000001483,00024.152759
0000000001484,00024.167799
0000000001485,00024.182940
0000000001486,00024.197827
0000000001487,00024.213008
0000000001488,00024.232871
0000000001489,00024.247840
0000000001490,00024.262820
0000000001491,00024.277824
0000000001492,00024.292854
0000000001493,00024.307789
0000000001494,00024.322848
0000000001495,00024.337885
0000000001496,00024.357816
0000000001497,00024.372869
0000000001498,00024.387862
0000000001499,00024.402790
0000000001500,00024.417828
0000000001501,00024.432862
0000000001502,00024.447782
0000000001503,00024.462801
0000000001504,00024.482912
0000000001505,00024.497854
0000000001506,00024.523019
0000000001507,00024.545503
0000000001508,00024.569657
0000000001509,00024.595657
0000000001510,00024.618430
0000000001511,00024.640682
0000000001512,00024.664170
0000000001513,00024.686397
0000000001514,00024.708995
0000000001515,00024.731265
0000000001516,00024.756975
0000000001517,00024.779551
0000000001518,00024.802470
0000000001519,00024.825589
0000000001520,00024.848541
0000000001521,00024.875092
0000000001522,00024.901430
0000000001523,00024.927511
0000000001524,00024.954284
0000000001525,00024.976656
0000000001526,00024.999525
0000000001527,00025.025178
0000000001528,00025.048227
0000000001529,00025.070730
0000000001530,00025.093264
0000000001531,00025.118077
0000000001532,00025.144317
0000000001533,00025.169600
0000000001534,00025.194438
0000000001535,00025.217976
0000000001536,00025.240739
0000000001537,00025.263534
0000000001538,00025.287840
0000000001539,00025.310963
0000000001540,00025.333201
0000000001541,00025.355931
0000000001542,00025.379773
0000000001543,00025.406129
0000000001544,00025.428977
0000000001545,00025.451861
0000000001546,00025.475663
0000000001547,00025.498390
0000000001548,00025.524099
0000000001549,00025.546721
0000000001550,00025.572519
0000000001551,00025.595960
0000000001552,00025.619805
0000000001553,00025.642651
0000000001554,00025.673970
0000000001555,00025.696406
0000000001556,00025.719249
0000000001557,00025.742701
0000000001558,00025.768593
0000000001559,00025.795106
0000000001560,00025.817561
0000000001561,00025.843030
0000000001562,00025.867518
0000000001563,00025.890478
0000000001564,00025.916101
0000000001565,00025.938560
0000000001566,00025.962518
0000000001567,00025.988386
0000000001568,00026.011074
0000000001569,00026.033705
0000000001570,00026.057959
0000000001571,00026.080106
0000000001572,00026.088931
0000000001573,00026.103938
0000000001574,00026.118931
0000000001575,00026.133878
0000000001576,00026.148962
0000000001577,00026.163929
0000000001578,00026.178897
0000000001579,00026.193940
0000000001580,00026.213984
0000000001581,00026.229024
0000000001582,00026.243947
0000000001583,00026.258937
0000000001584,00026.273931
0000000001585,00026.288918
0000000001586,00026.303966
0000000001587,00026.318917
0000000001588,00026.339077
0000000001589,00026.353938
0000000001590,00026.368923
0000000001591,00026.383946
0000000001592,00026.398985
0000000001593,00026.413899
0000000001594,00026.428959
0000000001595,00026.443976
0000000001596,00026.463965
0000000001597,00026.478978
0000000001598,00026.493972
0000000001599,00026.508901
0000000001600,00026.523982
0000000001601,00026.538984
0000000001602,00026.553959
0000000001603,00026.568928
0000000001604,00026.583927
0000000001605,00026.603961
0000000001606,00026.620005
0000000001607,00026.634951
0000000001608,00026.649947
0000000001609,00026.664937
0000000001610,00026.679931
0000000001611,00026.694908
0000000001612,00026.709957
0000000001613,00026.724961
0000000001614,00026.739942
0000000001615,00026.759954
0000000001616,00026.774954
0000000001617,00026.789946
0000000001618,00026.805024
0000000001619,00026.820031
0000000001620,00026.834921
0000000001621,00026.850013
0000000001622,00026.864998
0000000001623,00026.885016
0000000001624,00026.900071
0000000001625,00026.914980
0000000001626,00026.929968
0000000001627,00026.944981
0000000001628,00026.959984
0000000001629,00026.974924
0000000001630,00026.989999
0000000001631,00027.009980
0000000001632,00027.024927
0000000001633,00027.039989
0000000001634,00027.055987
0000000001635,00027.070938
0000000001636,00027.085932
0000000001637,00027.100960
0000000001638,00027.115976
0000000001639,00027.130976
0000000001640,00027.145984
0000000001641,00027.166111
0000000001642,00027.181022
0000000001643,00027.195937
0000000001644,00027.211048
0000000001645,00027.225981
0000000001646,00027.241008
0000000001647,00027.255936
0000000001648,00027.271004
0000000001649,00027.286036
0000000001650,00027.305985
0000000001651,00027.320996
0000000001652,00027.336022
0000000001653,00027.350935
0000000001654,00027.366011
0000000001655,00027.380960
0000000001656,00027.396011
0000000001657,00027.411024
0000000001658,00027.431012
0000000001659,00027.445902
0000000001660,00027.460973
0000000001661,00027.475973
0000000001662,00027.491055
0000000001663,00027.505970
0000000001664,00027.521026
0000000001665,00027.535923
0000000001666,00027.556023
0000000001667,00027.570953
0000000001668,00027.585934
0000000001669,00027.600949
0000000001670,00027.615979
0000000001671,00027.630948
0000000001672,00027.645956
0000000001673,00027.661014
0000000001674,00027.675940
0000000001675,00027.696127
0000000001676,00027.711029
0000000001677,00027.725968
0000000001678,00027.741054
0000000001679,00027.755964
0000000001680,00027.771025
0000000001681,00027.786030
0000000001682,00027.801017
0000000001683,00027.820955
0000000001684,00027.835973
0000000001685,00027.851031
0000000001686,00027.865989
0000000001687,00027.880996
0000000001688,00027.896063
0000000001689,00027.910953
0000000001690,00027.926053
0000000001691,00027.946023
0000000001692,00027.960981
0000000001693,00027.976112
0000000001694,00027.991017
0000000001695,00028.006030
0000000001696,00028.021047
0000000001697,00028.036097
0000000001698,00028.051076
0000000001699,00028.066125
0000000001700,00028.086372
0000000001701,00028.100957
0000000001702,00028.116256
0000000001703,00028.130980
0000000001704,00028.224621
0000000001705,00028.230987
0000000001706,00028.241795
0000000001707,00028.256867
0000000001708,00028.272024
0000000001709,00028.286876
0000000001710,00028.302110
0000000001711,00028.316961
0000000001712,00028.331884
0000000001713,00028.346919
0000000001714,00028.362966
0000000001715,00028.377984
0000000001716,00028.397941
0000000001717,00028.413009
0000000001718,00028.427885
0000000001719,00028.442996
0000000001720,00028.457986
0000000001721,00028.479642
0000000001722,00028.501750
0000000001723,00028.523628
0000000001724,00028.546772
0000000001725,00028.568793
0000000001726,00028.590754
0000000001727,00028.612633
0000000001728,00028.634612
0000000001729,00028.656527
0000000001730,00028.681405
0000000001731,00028.702843
0000000001732,00028.724862
0000000001733,00028.746516
0000000001734,00028.768114
0000000001735,00028.790439
0000000001736,00028.812185
0000000001737,00028.834018
0000000001738,00028.858096
0000000001739,00028.880347
0000000001740,00028.902039
0000000001741,00028.924177
0000000001742,00028.949439
0000000001743,00028.971310
0000000001744,00028.994525
0000000001745,00029.016277
0000000001746,00029.038293
0000000001747,00029.059609
0000000001748,00029.082148
0000000001749,00029.104341
0000000001750,00029.129439
0000000001751,00029.152259
0000000001752,00029.175654
0000000001753,00029.201226
0000000001754,00029.224602
0000000001755,00029.252000
0000000001756,00029.274688
0000000001757,00029.299048
0000000001758,00029.325119
0000000001759,00029.347648
0000000001760,00029.369839
0000000001761,00029.393338
0000000001762,00029.416059
0000000001763,00029.439403
0000000001764,00029.462120
0000000001765,00029.484592
0000000001766,00029.509855
0000000001767,00029.532182
0000000001768,00029.554576
0000000001769,00029.577003
0000000001770,00029.599639
0000000001771,00029.623712
0000000001772,00029.646377
0000000001773,00029.668635
0000000001774,00029.690946
0000000001775,00029.714738
0000000001776,00029.737404
0000000001777,00029.759981
0000000001778,00029.782660
0000000001779,00029.807524
0000000001780,00029.830338
0000000001781,00029.853229
0000000001782,00029.876549
0000000001783,00029.899183
0000000001784,00029.921914
0000000001785,00029.944730
0000000001786,00029.968637
0000000001787,00029.993675
0000000001788,00030.016888
0000000001789,00030.042593
0000000001790,00030.065160
0000000001791,00030.088170
0000000001792,00030.110531
0000000001793,00030.133324
0000000001794,00030.156330
0000000001795,00030.179053
0000000001796,00030.203655
0000000001797,00030.229163
0000000001798,00030.251820
0000000001799,00030.277170
0000000001800,00030.302347
0000000001801,00030.325747
0000000001802,00030.348351
0000000001803,00030.370594
0000000001804,00030.393473
0000000001805,00030.417625
0000000001806,00030.440462
0000000001807,00030.462849
0000000001808,00030.485289
0000000001809,00030.507817
0000000001810,00030.530201
0000000001811,00030.553134
0000000001812,00030.575511
0000000001813,00030.600228
0000000001814,00030.622619
0000000001815,00030.649348
0000000001816,00030.671875
0000000001817,00030.697428
0000000001818,00030.723881
0000000001819,00030.748284
0000000001820,00030.774415
0000000001821,00030.797361
0000000001822,00030.819787
0000000001823,00030.842765
0000000001824,00030.867309
0000000001825,00030.891311
0000000001826,00030.914376
0000000001827,00030.940604
0000000001828,00030.963022
0000000001829,00030.985683
0000000001830,00031.011696
0000000001831,00031.034509
0000000001832,00031.056838
0000000001833,00031.079709
0000000001834,00031.101575
0000000001835,00031.124314
0000000001836,00031.146957
0000000001837,00031.169529
0000000001838,00031.194518
0000000001839,00031.217160
0000000001840,00031.245286
0000000001841,00031.268243
0000000001842,00031.290905
0000000001843,00031.314140
0000000001844,00031.336551
0000000001845,00031.359757
0000000001846,00031.382101
0000000001847,00031.406405
0000000001848,00031.432706
0000000001849,00031.455832
0000000001850,00031.477988
0000000001851,00031.501086
0000000001852,00031.523388
0000000001853,00031.546089
0000000001854,00031.572184
0000000001855,00031.597832
0000000001856,00031.608136
0000000001857,00031.623083
0000000001858,00031.643149
0000000001859,00031.658113
0000000001860,00031.673249
0000000001861,00031.688181
0000000001862,00031.703115
0000000001863,00031.718126
0000000001864,00031.733267
0000000001865,00031.748091
0000000001866,00031.763151
0000000001867,00031.783267
0000000001868,00031.798106
0000000001869,00031.813203
0000000001870,00031.828168
0000000001871,00031.843092
0000000001872,00031.858047
0000000001873,00031.873478
0000000001874,00031.888082
0000000001875,00031.908204
0000000001876,00031.923240
0000000001877,00031.938099
0000000001878,00031.953302
0000000001879,00031.968137
0000000001880,00031.983099
0000000001881,00031.998192
0000000001882,00032.013165
0000000001883,00032.033107
0000000001884,00032.048165
0000000001885,00032.063217
0000000001886,00032.078122
0000000001887,00032.093149
0000000001888,00032.108093
0000000001889,00032.123094
0000000001890,00032.138152
0000000001891,00032.153156
0000000001892,00032.173125
0000000001893,00032.188153
0000000001894,00032.203189
0000000001895,00032.218170
0000000001896,00032.233151
0000000001897,00032.248195
0000000001898,00032.263094
0000000001899,00032.278194
0000000001900,00032.298157
0000000001901,00032.313204
0000000001902,00032.328140
0000000001903,00032.343199
0000000001904,00032.358809
0000000001905,00032.373083
0000000001906,00032.388180
0000000001907,00032.403179
0000000001908,00032.418124
0000000001909,00032.438197
0000000001910,00032.453073
0000000001911,00032.468221
0000000001912,00032.483138
0000000001913,00032.498097
0000000001914,00032.513172
0000000001915,00032.528172
0000000001916,00032.543106
0000000001917,00032.563229
0000000001918,00032.578206
0000000001919,00032.593118
0000000001920,00032.608151
0000000001921,00032.623281
0000000001922,00032.638170
0000000001923,00032.653195
0000000001924,00032.668204
0000000001925,00032.688350
0000000001926,00032.703309
0000000001927,00032.718210
0000000001928,00032.734446
0000000001929,00032.749170
0000000001930,00032.764283
0000000001931,00032.779126
0000000001932,00032.794459
0000000001933,00032.809164
0000000001934,00032.824285
0000000001935,00032.844526
0000000001936,00032.859415
0000000001937,00032.874247
0000000001938,00032.889268
0000000001939,00032.904434
0000000001940,00032.919185
0000000001941,00032.934188
0000000001942,00032.949126
0000000001943,00032.964181
0000000001944,00032.984232
0000000001945,00032.999188
0000000001946,00033.014239
0000000001947,00033.029246
0000000001948,00033.044134
0000000001949,00033.059129
0000000001950,00033.074198
0000000001951,00033.089214
0000000001952,00033.109162
0000000001953,00033.124205
0000000001954,00033.139181
0000000001955,00033.154117
0000000001956,00033.169217
0000000001957,00033.184217
0000000001958,00033.199260
0000000001959,00033.214218
0000000001960,00033.234230
0000000001961,00033.249164
0000000001962,00033.264252
0000000001963,00033.279212
0000000001964,00033.294176
0000000001965,00033.310240
0000000001966,00033.325239
0000000001967,00033.340120
0000000001968,00033.355191
0000000001969,00033.370231
0000000001970,00033.390197
0000000001971,00033.405188
0000000001972,00033.420234
0000000001973,00033.435181
0000000001974,00033.450195
0000000001975,00033.465245
0000000001976,00033.480177
0000000001977,00033.495153
0000000001978,00033.510234
0000000001979,00033.530342
0000000001980,00033.545229
0000000001981,00033.560383
0000000001982,00033.575228
0000000001983,00033.591224
0000000001984,00033.606121
0000000001985,00033.621195
0000000001986,00033.636241
0000000001987,00033.651210
0000000001988,00033.666147
0000000001989,00033.686343
0000000001990,00033.701218
0000000001991,00033.716369
0000000001992,00033.731207
0000000001993,00033.746279
0000000001994,00033.761254
0000000001995,00033.776210
0000000001996,00033.791188
0000000001997,00033.811523
0000000001998,00033.826228
0000000001999,00033.841246
0000000002000,00033.856212
0000000002001,00033.871236
0000000002002,00033.886219
0000000002003,00033.901197
0000000002004,00033.916451
0000000002005,00033.936278
0000000002006,00033.958445
0000000002007,00033.981568
0000000002008,00034.005722
0000000002009,00034.028503
0000000002010,00034.051336
0000000002011,00034.073622
0000000002012,00034.096466
0000000002013,00034.119851
0000000002014,00034.142739
0000000002015,00034.165009
0000000002016,00034.187735
0000000002017,00034.211454
0000000002018,00034.233981
0000000002019,00034.256263
0000000002020,00034.279336
0000000002021,00034.301863
0000000002022,00034.324664
0000000002023,00034.346935
0000000002024,00034.369615
0000000002025,00034.395764
0000000002026,00034.418768
0000000002027,00034.441116
0000000002028,00034.463964
0000000002029,00034.487117
0000000002030,00034.509608
0000000002031,00034.536100
0000000002032,00034.558739
0000000002033,00034.581697
0000000002034,00034.604614
0000000002035,00034.627275
0000000002036,00034.650165
0000000002037,00034.672814
0000000002038,00034.695493
0000000002039,00034.721818
0000000002040,00034.744352
0000000002041,00034.767460
0000000002042,00034.794850
0000000002043,00034.816985
0000000002044,00034.840062
0000000002045,00034.865455
0000000002046,00034.891671
0000000002047,00034.914872
0000000002048,00034.937423
0000000002049,00034.961811
0000000002050,00034.984666
0000000002051,00035.007728
0000000002052,00035.030368
0000000002053,00035.053042
0000000002054,00035.079476
0000000002055,00035.101932
0000000002056,00035.124805
0000000002057,00035.147618
0000000002058,00035.170303
0000000002059,00035.192918
0000000002060,00035.215127
0000000002061,00035.237831
0000000002062,00035.260609
0000000002063,00035.283244
0000000002064,00035.306297
0000000002065,00035.328991
0000000002066,00035.352794
0000000002067,00035.377794
0000000002068,00035.400349
0000000002069,00035.422781
0000000002070,00035.445728
0000000002071,00035.470924
0000000002072,00035.493550
0000000002073,00035.516425
0000000002074,00035.525306
0000000002075,00035.540210
0000000002076,00035.555249
0000000002077,00035.570239
0000000002078,00035.585236
0000000002079,00035.605286
0000000002080,00035.620261
0000000002081,00035.635273
0000000002082,00035.650238
0000000002083,00035.665298
0000000002084,00035.680218
0000000002085,00035.695317
0000000002086,00035.710247
0000000002087,00035.730316
0000000002088,00035.745291
0000000002089,00035.760417
0000000002090,00035.775294
0000000002091,00035.790290
0000000002092,00035.805257
0000000002093,00035.820256
0000000002094,00035.835285
0000000002095,00035.850296
0000000002096,00035.870260
0000000002097,00035.885291
0000000002098,00035.900273
0000000002099,00035.915243
0000000002100,00035.930252
0000000002101,00035.945305
0000000002102,00035.960209
0000000002103,00035.975185
0000000002104,00036.023598
0000000002105,00036.046464
0000000002106,00036.053442
0000000002107,00036.060161
0000000002108,00036.083894
0000000002109,00036.091380
0000000002110,00036.101324
0000000002111,00036.116256
0000000002112,00036.131376
0000000002113,00036.147294
0000000002114,00036.162246
0000000002115,00036.182489
0000000002116,00036.197398
0000000002117,00036.212330
0000000002118,00036.227559
0000000002119,00036.242346
0000000002120,00036.257341
0000000002121,00036.272633
0000000002122,00036.287266
0000000002123,00036.307380
0000000002124,00036.322334
0000000002125,00036.337281
0000000002126,00036.352330
0000000002127,00036.367334
0000000002128,00036.382515
0000000002129,00036.397362
0000000002130,00036.412332
0000000002131,00036.427258
0000000002132,00036.447835
0000000002133,00036.462314
0000000002134,00036.477253
0000000002135,00036.492347
0000000002136,00036.507337
0000000002137,00036.522268
0000000002138,00036.537295
0000000002139,00036.552377
0000000002140,00036.572333
0000000002141,00036.587311
0000000002142,00036.602397
0000000002143,00036.617311
0000000002144,00036.632365
0000000002145,00036.647340
0000000002146,00036.662329
0000000002147,00036.677309
0000000002148,00036.697369
0000000002149,00036.712437
0000000002150,00036.727372
0000000002151,00036.742427
0000000002152,00036.757319
0000000002153,00036.772482
0000000002154,00036.787452
0000000002155,00036.802301
0000000002156,00036.817462
0000000002157,00036.837421
0000000002158,00036.852370
0000000002159,00036.867381
0000000002160,00036.882355
0000000002161,00036.897307
0000000002162,00036.912396
0000000002163,00036.927375
0000000002164,00036.942295
0000000002165,00036.962342
0000000002166,00036.977333
0000000002167,00036.992309
0000000002168,00037.007316
0000000002169,00037.022335
0000000002170,00037.037461
0000000002171,00037.052379
0000000002172,00037.067361
0000000002173,00037.087308
0000000002174,00037.102438
0000000002175,00037.117380
0000000002176,00037.132327
0000000002177,00037.147457
0000000002178,00037.162533
0000000002179,00037.177306
0000000002180,00037.192498
0000000002181,00037.207340
0000000002182,00037.227328
0000000002183,00037.242330
0000000002184,00037.257326
0000000002185,00037.272380
0000000002186,00037.287359
0000000002187,00037.302418
0000000002188,00037.317330
0000000002189,00037.332406
0000000002190,00037.348372
0000000002191,00037.363326
0000000002192,00037.383425
0000000002193,00037.398326
0000000002194,00037.413330
0000000002195,00037.428352
0000000002196,00037.443352
0000000002197,00037.458316
0000000002198,00037.474391
0000000002199,00037.489382
0000000002200,00037.504341
0000000002201,00037.519368
0000000002202,00037.539463
0000000002203,00037.554301
0000000002204,00037.569487
0000000002205,00037.584464
0000000002206,00037.599342
0000000002207,00037.614632
0000000002208,00037.629544
0000000002209,00037.644418
0000000002210,00037.664403
0000000002211,00037.679415
0000000002212,00037.694480
0000000002213,00037.709385
0000000002214,00037.724462
0000000002215,00037.739421
0000000002216,00037.754449
0000000002217,00037.769343
0000000002218,00037.789361
0000000002219,00037.804404
0000000002220,00037.819432
0000000002221,00037.834353
0000000002222,00037.849373
0000000002223,00037.864365
0000000002224,00037.889754
0000000002225,00037.916795
0000000002226,00037.942086
0000000002227,00037.965031
0000000002228,00037.990075
0000000002229,00038.015902
0000000002230,00038.039424
0000000002231,00038.063836
0000000002232,00038.087293
0000000002233,00038.110128
0000000002234,00038.136179
0000000002235,00038.160049
0000000002236,00038.186223
0000000002237,00038.209082
0000000002238,00038.231709
0000000002239,00038.255016
0000000002240,00038.280177
0000000002241,00038.307195
0000000002242,00038.331489
0000000002243,00038.357884
0000000002244,00038.387162
0000000002245,00038.410326
0000000002246,00038.435623
0000000002247,00038.459131
0000000002248,00038.481604
0000000002249,00038.504680
0000000002250,00038.529915
0000000002251,00038.555207
0000000002252,00038.578856
0000000002253,00038.602052
0000000002254,00038.624759
0000000002255,00038.647974
0000000002256,00038.670301
0000000002257,00038.693477
0000000002258,00038.718136
0000000002259,00038.744779
0000000002260,00038.768068
0000000002261,00038.791659
0000000002262,00038.814425
0000000002263,00038.837235
0000000002264,00038.861095
0000000002265,00038.884024
0000000002266,00038.908300
0000000002267,00038.931303
0000000002268,00038.955369
0000000002269,00038.978816
0000000002270,00039.004207
0000000002271,00039.029648
0000000002272,00039.056048
0000000002273,00039.080749
0000000002274,00039.106396
0000000002275,00039.130246
0000000002276,00039.152822
0000000002277,00039.179196
0000000002278,00039.201660
0000000002279,00039.228004
0000000002280,00039.250697
0000000002281,00039.273494
0000000002282,00039.296081
0000000002283,00039.318953
0000000002284,00039.341473
0000000002285,00039.364236
0000000002286,00039.386782
0000000002287,00039.410372
0000000002288,00039.434106
0000000002289,00039.457105
0000000002290,00039.479504
0000000002291,00039.502514
0000000002292,00039.525141
0000000002293,00039.549247
0000000002294,00039.575479
0000000002295,00039.598807
0000000002296,00039.624322
0000000002297,00039.647503
0000000002298,00039.669996
0000000002299,00039.696554
0000000002300,00039.722822
0000000002301,00039.747956
0000000002302,00039.773402
0000000002303,00039.798855
0000000002304,00039.828576
0000000002305,00039.869525
0000000002306,00039.892512
0000000002307,00039.915203
0000000002308,00039.937716
0000000002309,00039.960802
0000000002310,00039.985845
0000000002311,00040.008883
0000000002312,00040.031813
0000000002313,00040.054519
0000000002314,00040.077357
0000000002315,00040.103163
0000000002316,00040.125633
0000000002317,00040.150644
0000000002318,00040.175737
0000000002319,00040.199221
0000000002320,00040.222383
0000000002321,00040.245121
0000000002322,00040.268268
0000000002323,00040.293494
0000000002324,00040.316137
0000000002325,00040.341092
0000000002326,00040.364263
0000000002327,00040.386892
0000000002328,00040.409951
0000000002329,00040.441026
0000000002330,00040.466600
0000000002331,00040.493631
0000000002332,00040.517604
0000000002333,00040.540312
0000000002334,00040.567054
0000000002335,00040.589533
0000000002336,00040.612670
0000000002337,00040.637600
0000000002338,00040.660654
0000000002339,00040.686600
0000000002340,00040.709304
0000000002341,00040.731917
0000000002342,00040.754868
0000000002343,00040.779169
0000000002344,00040.802025
0000000002345,00040.824522
0000000002346,00040.847313
0000000002347,00040.869810
0000000002348,00040.896181
0000000002349,00040.919889
0000000002350,00040.946182
0000000002351,00040.968838
0000000002352,00040.991856
0000000002353,00041.001495
0000000002354,00041.016488
0000000002355,00041.031484
0000000002356,00041.046521
0000000002357,00041.061437
0000000002358,00041.076492
0000000002359,00041.096500
0000000002360,00041.111443
0000000002361,00041.126514
0000000002362,00041.141515
0000000002363,00041.156463
0000000002364,00041.171515
0000000002365,00041.186467
0000000002366,00041.201496
0000000002367,00041.216493
0000000002368,00041.236510
0000000002369,00041.251459
0000000002370,00041.266465
0000000002371,00041.281515
0000000002372,00041.296508
0000000002373,00041.311619
0000000002374,00041.326568
0000000002375,00041.341598
0000000002376,00041.361645
0000000002377,00041.376643
0000000002378,00041.391730
0000000002379,00041.406522
0000000002380,00041.421533
0000000002381,00041.436594
0000000002382,00041.451475
0000000002383,00041.466527
0000000002384,00041.486629
0000000002385,00041.501721
0000000002386,00041.516744
0000000002387,00041.531498
0000000002388,00041.546777
0000000002389,00041.561486
0000000002390,00041.576477
0000000002391,00041.591573
0000000002392,00041.606695
0000000002393,00041.626724
0000000002394,00041.641724
0000000002395,00041.656528
0000000002396,00041.672748
0000000002397,00041.687509
0000000002398,00041.702568
0000000002399,00041.717498
0000000002400,00041.732583
0000000002401,00041.747540
0000000002402,00041.762541
0000000002403,00041.782573
0000000002404,00041.797528
0000000002405,00041.812476
0000000002406,00041.827644
0000000002407,00041.842547
0000000002408,00041.857493
0000000002409,00041.872572
0000000002410,00041.887580
0000000002411,00041.907503
0000000002412,00041.922541
0000000002413,00041.937514
0000000002414,00041.952478
0000000002415,00041.967505
0000000002416,00041.983529
0000000002417,00041.998451
0000000002418,00042.013618
0000000002419,00042.028527
0000000002420,00042.043493
0000000002421,00042.063657
0000000002422,00042.078552
0000000002423,00042.093546
0000000002424,00042.108538
0000000002425,00042.123544
0000000002426,00042.138490
0000000002427,00042.153551
0000000002428,00042.168502
0000000002429,00042.188763
0000000002430,00042.203523
0000000002431,00042.218544
0000000002432,00042.233587
0000000002433,00042.248631
0000000002434,00042.263536
0000000002435,00042.278620
0000000002436,00042.293472
0000000002437,00042.308590
0000000002438,00042.328742
0000000002439,00042.343561
0000000002440,00042.358570
0000000002441,00042.373487
0000000002442,00042.389519
0000000002443,00042.404573
0000000002444,00042.419517
0000000002445,00042.434584
0000000002446,00042.449561
0000000002447,00042.464691
0000000002448,00042.484607
0000000002449,00042.499784
0000000002450,00042.514496
0000000002451,00042.529549
0000000002452,00042.544632
0000000002453,00042.559503
0000000002454,00042.574514
0000000002455,00042.589540
0000000002456,00042.609516
0000000002457,00042.624548
0000000002458,00042.639539
0000000002459,00042.654521
0000000002460,00042.669564
0000000002461,00042.684682
0000000002462,00042.699509
0000000002463,00042.714581
0000000002464,00042.734670
0000000002465,00042.749603
0000000002466,00042.764562
0000000002467,00042.779553
0000000002468,00042.794677
0000000002469,00042.809544
0000000002470,00042.824630
0000000002471,00042.839548
0000000002472,00042.854591
0000000002473,00042.874670
0000000002474,00042.889547
0000000002475,00042.904603
0000000002476,00042.919543
0000000002477,00042.934818
0000000002478,00042.949980
0000000002479,00042.964549
0000000002480,00042.979528
0000000002481,00042.999831
0000000002482,00043.014663
0000000002483,00043.029550
0000000002484,00043.044555
0000000002485,00043.059618
0000000002486,00043.074562
0000000002487,00043.089601
0000000002488,00043.104637
0000000002489,00043.124597
0000000002490,00043.139697
0000000002491,00043.154555
0000000002492,00043.169565
0000000002493,00043.184759
0000000002494,00043.199791
0000000002495,00043.214801
0000000002496,00043.229700
0000000002497,00043.244551
0000000002498,00043.264581
0000000002499,00043.279651
0000000002500,00043.294800
0000000002501,00043.309695
0000000002502,00043.324611
0000000002503,00043.339613
0000000002504,00043.423470
0000000002505,00043.495369
0000000002506,00043.520110
0000000002507,00043.543021
0000000002508,00043.569196
0000000002509,00043.591828
0000000002510,00043.615841
0000000002511,00043.638550
0000000002512,00043.660831
0000000002513,00043.685232
0000000002514,00043.710393
0000000002515,00043.736464
0000000002516,00043.759582
0000000002517,00043.784348
0000000002518,00043.807495
0000000002519,00043.830209
0000000002520,00043.854377
0000000002521,00043.877468
0000000002522,00043.903176
0000000002523,00043.929232
0000000002524,00043.952073
0000000002525,00043.974426
0000000002526,00043.999422
0000000002527,00044.022931
0000000002528,00044.045747
0000000002529,00044.070515
0000000002530,00044.097097
0000000002531,00044.124316
0000000002532,00044.149063
0000000002533,00044.171653
0000000002534,00044.193994
0000000002535,00044.216561
0000000002536,00044.238691
0000000002537,00044.261331
0000000002538,00044.285114
0000000002539,00044.311441
0000000002540,00044.335390
0000000002541,00044.360887
0000000002542,00044.385237
0000000002543,00044.407489
0000000002544,00044.429793
0000000002545,00044.456099
0000000002546,00044.481537
0000000002547,00044.503656
0000000002548,00044.526407
0000000002549,00044.551005
0000000002550,00044.573510
0000000002551,00044.598381
0000000002552,00044.621256
0000000002553,00044.643985
0000000002554,00044.666591
0000000002555,00044.691030
0000000002556,00044.714387
0000000002557,00044.737078
0000000002558,00044.759955
0000000002559,00044.782444
0000000002560,00044.805014
0000000002561,00044.827501
0000000002562,00044.850089
0000000002563,00044.875050
0000000002564,00044.898391
0000000002565,00044.921057
0000000002566,00044.929623
0000000002567,00044.949620
0000000002568,00044.964621
0000000002569,00044.979599
0000000002570,00044.994593
0000000002571,00045.009596
0000000002572,00045.024642
0000000002573,00045.039556
0000000002574,00045.054613
0000000002575,00045.069632
0000000002576,00045.089615
0000000002577,00045.104615
0000000002578,00045.119604
0000000002579,00045.134579
0000000002580,00045.149708
0000000002581,00045.164547
0000000002582,00045.179571
0000000002583,00045.194624
0000000002584,00045.214629
0000000002585,00045.229553
0000000002586,00045.244637
0000000002587,00045.259661
0000000002588,00045.274614
0000000002589,00045.289545
0000000002590,00045.304657
0000000002591,00045.319658
0000000002592,00045.339664
0000000002593,00045.354607
0000000002594,00045.369598
0000000002595,00045.384682
0000000002596,00045.399654
0000000002597,00045.414606
0000000002598,00045.429633
0000000002599,00045.444672
0000000002600,00045.459598
0000000002601,00045.479664
0000000002602,00045.494632
0000000002603,00045.509590
0000000002604,00045.524664
0000000002605,00045.539573
0000000002606,00045.554735
0000000002607,00045.569588
0000000002608,00045.584819
0000000002609,00045.604625
0000000002610,00045.619582
0000000002611,00045.634627
0000000002612,00045.649628
0000000002613,00045.664772
0000000002614,00045.679636
0000000002615,00045.694693
0000000002616,00045.709799
0000000002617,00045.729685
0000000002618,00045.744616
0000000002619,00045.759642
0000000002620,00045.774600
0000000002621,00045.789544
0000000002622,00045.804799
0000000002623,00045.819625
0000000002624,00045.834855
0000000002625,00045.849588
0000000002626,00045.869651
0000000002627,00045.884914
0000000002628,00045.899577
0000000002629,00045.914741
0000000002630,00045.929621
0000000002631,00045.944631
0000000002632,00045.959624
0000000002633,00045.974592
0000000002634,00045.994803
0000000002635,00046.009948
0000000002636,00046.024602
0000000002637,00046.039662
0000000002638,00046.054922
0000000002639,00046.069608
0000000002640,00046.084613
0000000002641,00046.099607
0000000002642,00046.119687
0000000002643,00046.134637
0000000002644,00046.149610
0000000002645,00046.164706
0000000002646,00046.179633
0000000002647,00046.194618
0000000002648,00046.209638
0000000002649,00046.224616
0000000002650,00046.239650
0000000002651,00046.259617
0000000002652,00046.274626
0000000002653,00046.289677
0000000002654,00046.304651
0000000002655,00046.319687
0000000002656,00046.334662
0000000002657,00046.349585
0000000002658,00046.364623
0000000002659,00046.384678
0000000002660,00046.399647
0000000002661,00046.414625
0000000002662,00046.429691
0000000002663,00046.444647
0000000002664,00046.459696
0000000002665,00046.474599
0000000002666,00046.489646
0000000002667,00046.509726
0000000002668,00046.524647
0000000002669,00046.539603
0000000002670,00046.554670
0000000002671,00046.569675
0000000002672,00046.584631
0000000002673,00046.599593
0000000002674,00046.614679
0000000002675,00046.629631
0000000002676,00046.649710
0000000002677,00046.664679
0000000002678,00046.679636
0000000002679,00046.694673
0000000002680,00046.709658
0000000002681,00046.724626
0000000002682,00046.739695
0000000002683,00046.754708
0000000002684,00046.774640
0000000002685,00046.789682
0000000002686,00046.804786
0000000002687,00046.819644
0000000002688,00046.834963
0000000002689,00046.849684
0000000002690,00046.864655
0000000002691,00046.879735
0000000002692,00046.900061
0000000002693,00046.914671
0000000002694,00046.929698
0000000002695,00046.944821
0000000002696,00046.959687
0000000002697,00046.974652
0000000002698,00046.989749
0000000002699,00047.004640
0000000002700,00047.019669
0000000002701,00047.039886
0000000002702,00047.054735
0000000002703,00047.069673
0000000002704,00047.104411
0000000002705,00047.114602
0000000002706,00047.129710
0000000002707,00047.144584
0000000002708,00047.164907
0000000002709,00047.179663
0000000002710,00047.194577
0000000002711,00047.209600
0000000002712,00047.224666
0000000002713,00047.239600
0000000002714,00047.254648
0000000002715,00047.269625
0000000002716,00047.292682
0000000002717,00047.314394
0000000002718,00047.336695
0000000002719,00047.358485
0000000002720,00047.380528
0000000002721,00047.404322
0000000002722,00047.427487
0000000002723,00047.450767
0000000002724,00047.473854
0000000002725,00047.499847
0000000002726,00047.522646
0000000002727,00047.546560
0000000002728,00047.569372
0000000002729,00047.592171
0000000002730,00047.614965
0000000002731,00047.637859
0000000002732,00047.660565
0000000002733,00047.691084
0000000002734,00047.715855
0000000002735,00047.738428
0000000002736,00047.763382
0000000002737,00047.786758
0000000002738,00047.811526
0000000002739,00047.834642
0000000002740,00047.857314
0000000002741,00047.880242
0000000002742,00047.902999
0000000002743,00047.925974
0000000002744,00047.952062
0000000002745,00047.974953
0000000002746,00048.000363
0000000002747,00048.023233
0000000002748,00048.047486
0000000002749,00048.070084
0000000002750,00048.092115
0000000002751,00048.115310
0000000002752,00048.139745
0000000002753,00048.162742
0000000002754,00048.185059
0000000002755,00048.208147
0000000002756,00048.232578
0000000002757,00048.255954
0000000002758,00048.278458
0000000002759,00048.301819
0000000002760,00048.324590
0000000002761,00048.347452
0000000002762,00048.370012
0000000002763,00048.393482
0000000002764,00048.416530
0000000002765,00048.439875
0000000002766,00048.464997
0000000002767,00048.487281
0000000002768,00048.512398
0000000002769,00048.535210
0000000002770,00048.557864
0000000002771,00048.580805
0000000002772,00048.606359
0000000002773,00048.631375
0000000002774,00048.653718
0000000002775,00048.676767
0000000002776,00048.700682
0000000002777,00048.723846
0000000002778,00048.746453
0000000002779,00048.769006
0000000002780,00048.792183
0000000002781,00048.815663
0000000002782,00048.838440
0000000002783,00048.861562
0000000002784,00048.883921
0000000002785,00048.906845
0000000002786,00048.931045
0000000002787,00048.954596
0000000002788,00048.977339
0000000002789,00049.000278
0000000002790,00049.026229
0000000002791,00049.048884
0000000002792,00049.073973
0000000002793,00049.096870
0000000002794,00049.119137
0000000002795,00049.141531
0000000002796,00049.165026
0000000002797,00049.188542
0000000002798,00049.211308
0000000002799,00049.234148
0000000002800,00049.257294
0000000002801,00049.280100
0000000002802,00049.303459
0000000002803,00049.328100
0000000002804,00049.351251
0000000002805,00049.375301
0000000002806,00049.400215
0000000002807,00049.422939
0000000002808,00049.449520
0000000002809,00049.472794
0000000002810,00049.495145
0000000002811,00049.518171
0000000002812,00049.540556
0000000002813,00049.563341
0000000002814,00049.588591
0000000002815,00049.611941
0000000002816,00049.634483
0000000002817,00049.657057
0000000002818,00049.688869
0000000002819,00049.713504
0000000002820,00049.736354
0000000002821,00049.758864
0000000002822,00049.781601
0000000002823,00049.804228
0000000002824,00049.826632
0000000002825,00049.851580
0000000002826,00049.873855
0000000002827,00049.898951
0000000002828,00049.924785
0000000002829,00049.947001
0000000002830,00049.969315
0000000002831,00049.992314
0000000002832,00050.015417
0000000002833,00050.038262
0000000002834,00050.061588
0000000002835,00050.084198
0000000002836,00050.108326
0000000002837,00050.134613
0000000002838,00050.157735
0000000002839,00050.182088
0000000002840,00050.204541
0000000002841,00050.230002
0000000002842,00050.252964
0000000002843,00050.277257
0000000002844,00050.300313
0000000002845,00050.323131
0000000002846,00050.349648
0000000002847,00050.372553
0000000002848,00050.395303
0000000002849,00050.406791
0000000002850,00050.421779
0000000002851,00050.436785
0000000002852,00050.451797
0000000002853,00050.471821
0000000002854,00050.486812
0000000002855,00050.501761
0000000002856,00050.516786
0000000002857,00050.531770
0000000002858,00050.546790
0000000002859,00050.561778
0000000002860,00050.576735
0000000002861,00050.596814
0000000002862,00050.611732
0000000002863,00050.626805
0000000002864,00050.641846
0000000002865,00050.656786
0000000002866,00050.671829
0000000002867,00050.686780
0000000002868,00050.701758
0000000002869,00050.716737
0000000002870,00050.736859
0000000002871,00050.751768
0000000002872,00050.766828
0000000002873,00050.781827
0000000002874,00050.796763
0000000002875,00050.811846
0000000002876,00050.826756
0000000002877,00050.841846
0000000002878,00050.861884
0000000002879,00050.876806
0000000002880,00050.891765
0000000002881,00050.906793
0000000002882,00050.921813
0000000002883,00050.936876
0000000002884,00050.951860
0000000002885,00050.966836
0000000002886,00050.986963
0000000002887,00051.001881
0000000002888,00051.016864
0000000002889,00051.031815
0000000002890,00051.046821
0000000002891,00051.061845
0000000002892,00051.076798
0000000002893,00051.091813
0000000002894,00051.106860
0000000002895,00051.122798
0000000002896,00051.138860
0000000002897,00051.153832
0000000002898,00051.173889
0000000002899,00051.188814
0000000002900,00051.203867
0000000002901,00051.219795
0000000002902,00051.234844
0000000002903,00051.249834
0000000002904,00051.306664
0000000002905,00051.335839
0000000002906,00051.342055
0000000002907,00051.360754
0000000002908,00051.375826
0000000002909,00051.390821
0000000002910,00051.405704
0000000002911,00051.420751
0000000002912,00051.435760
0000000002913,00051.450693
0000000002914,00051.465776
0000000002915,00051.485864
0000000002916,00051.500727
0000000002917,00051.515790
0000000002918,00051.530802
0000000002919,00051.545753
0000000002920,00051.561789
0000000002921,00051.576784
0000000002922,00051.591730
0000000002923,00051.606643
0000000002924,00051.622827
0000000002925,00051.637786
0000000002926,00051.652695
0000000002927,00051.668852
0000000002928,00051.688943
0000000002929,00051.703790
0000000002930,00051.718803
0000000002931,00051.733761
0000000002932,00051.748778
0000000002933,00051.763816
0000000002934,00051.778735
0000000002935,00051.793747
0000000002936,00051.808799
0000000002937,00051.828747
0000000002938,00051.843764
0000000002939,00051.858777
0000000002940,00051.873759
0000000002941,00051.888798
0000000002942,00051.903843
0000000002943,00051.918790
0000000002944,00051.933754
0000000002945,00051.953865
0000000002946,00051.968816
0000000002947,00051.983771
0000000002948,00051.998761
0000000002949,00052.013756
0000000002950,00052.028749
0000000002951,00052.043831
0000000002952,00052.058745
0000000002953,00052.073717
0000000002954,00052.093820
0000000002955,00052.108653
0000000002956,00052.123852
0000000002957,00052.138792
0000000002958,00052.153750
0000000002959,00052.168810
0000000002960,00052.183757
0000000002961,00052.198777
0000000002962,00052.218852
0000000002963,00052.233808
0000000002964,00052.248772
0000000002965,00052.263830
0000000002966,00052.278759
0000000002967,00052.293783
0000000002968,00052.308745
0000000002969,00052.323859
0000000002970,00052.343814
0000000002971,00052.358845
0000000002972,00052.373770
0000000002973,00052.388797
0000000002974,00052.403802
0000000002975,00052.418819
0000000002976,00052.433775
0000000002977,00052.448747
0000000002978,00052.463828
0000000002979,00052.483795
0000000002980,00052.498833
0000000002981,00052.513801
0000000002982,00052.528756
0000000002983,00052.543744
0000000002984,00052.558835
0000000002985,00052.573753
0000000002986,00052.588701
0000000002987,00052.608850
0000000002988,00052.623784
0000000002989,00052.638811
0000000002990,00052.653801
0000000002991,00052.668765
0000000002992,00052.683823
0000000002993,00052.698821
0000000002994,00052.713790
0000000002995,00052.733851
0000000002996,00052.748764
0000000002997,00052.770528
0000000002998,00052.792447
0000000002999,00052.817257
0000000003000,00052.839387
0000000003001,00052.861092
0000000003002,00052.883656
0000000003003,00052.905809
0000000003004,00052.927637
0000000003005,00052.949546
0000000003006,00052.972117
0000000003007,00052.993965
0000000003008,00053.016129
0000000003009,00053.037932
0000000003010,00053.059721
0000000003011,00053.083431
0000000003012,00053.105481
0000000003013,00053.127439
0000000003014,00053.149147
0000000003015,00053.171187
0000000003016,00053.192639
0000000003017,00053.214647
0000000003018,00053.237124
0000000003019,00053.266775
0000000003020,00053.290111
0000000003021,00053.315826
0000000003022,00053.339178
0000000003023,00053.362116
0000000003024,00053.385302
0000000003025,00053.408276
0000000003026,00053.430990
0000000003027,00053.453748
0000000003028,00053.476252
0000000003029,00053.498985
0000000003030,00053.521353
0000000003031,00053.544716
0000000003032,00053.568371
0000000003033,00053.590906
0000000003034,00053.613972
0000000003035,00053.638605
0000000003036,00053.661058
0000000003037,00053.684064
0000000003038,00053.707791
0000000003039,00053.734455
0000000003040,00053.756637
0000000003041,00053.783296
0000000003042,00053.806273
0000000003043,00053.831504
0000000003044,00053.858135
0000000003045,00053.882924
0000000003046,00053.908055
0000000003047,00053.931225
0000000003048,00053.954430
0000000003049,00053.977091
0000000003050,00054.001912
0000000003051,00054.024419
0000000003052,00054.051151
0000000003053,00054.074142
0000000003054,00054.096677
0000000003055,00054.119672
0000000003056,00054.142288
0000000003057,00054.166027
0000000003058,00054.188698
0000000003059,00054.211843
0000000003060,00054.237711
0000000003061,00054.264363
0000000003062,00054.287274
0000000003063,00054.309975
0000000003064,00054.322919
0000000003065,00054.337958
0000000003066,00054.352913
0000000003067,00054.367927
0000000003068,00054.382985
0000000003069,00054.402924
0000000003070,00054.417922
0000000003071,00054.432925
0000000003072,00054.447906
0000000003073,00054.462974
0000000003074,00054.477915
0000000003075,00054.492951
0000000003076,00054.507902
0000000003077,00054.527978
0000000003078,00054.542892
0000000003079,00054.557933
0000000003080,00054.572937
0000000003081,00054.587962
0000000003082,00054.602929
0000000003083,00054.617938
0000000003084,00054.632944
0000000003085,00054.647897
0000000003086,00054.668008
0000000003087,00054.682898
0000000003088,00054.697954
0000000003089,00054.712982
0000000003090,00054.727885
0000000003091,00054.742912
0000000003092,00054.757909
0000000003093,00054.772946
0000000003094,00054.793011
0000000003095,00054.808001
0000000003096,00054.822950
0000000003097,00054.837942
0000000003098,00054.852959
0000000003099,00054.867926
0000000003100,00054.883005
0000000003101,00054.898047
0000000003102,00054.917907
0000000003103,00054.932993
0000000003104,00054.969901
0000000003105,00054.977895
0000000003106,00054.992823
0000000003107,00055.007921
0000000003108,00055.022927
0000000003109,00055.037896
0000000003110,00055.057895
0000000003111,00055.072935
0000000003112,00055.087896
0000000003113,00055.102871
0000000003114,00055.117922
0000000003115,00055.132981
0000000003116,00055.147825
0000000003117,00055.162958
0000000003118,00055.182956
0000000003119,00055.197868
0000000003120,00055.212939
0000000003121,00055.227905
0000000003122,00055.242871
0000000003123,00055.257876
0000000003124,00055.272919
0000000003125,00055.287879
0000000003126,00055.307920
0000000003127,00055.322930
0000000003128,00055.337872
0000000003129,00055.352895
0000000003130,00055.367916
0000000003131,00055.382905
0000000003132,00055.397893
0000000003133,00055.412944
0000000003134,00055.427832
0000000003135,00055.447894
0000000003136,00055.462958
0000000003137,00055.477827
0000000003138,00055.492905
0000000003139,00055.507875
0000000003140,00055.522928
0000000003141,00055.537938
0000000003142,00055.552911
0000000003143,00055.572914
0000000003144,00055.587967
0000000003145,00055.602883
0000000003146,00055.617875
0000000003147,00055.632916
0000000003148,00055.647883
0000000003149,00055.662969
0000000003150,00055.677864
0000000003151,00055.697934
0000000003152,00055.712893
0000000003153,00055.727806
0000000003154,00055.742923
0000000003155,00055.757859
0000000003156,00055.772938
0000000003157,00055.787881
0000000003158,00055.802884
0000000003159,00055.817899
0000000003160,00055.837898
0000000003161,00055.852775
0000000003162,00055.868027
0000000003163,00055.882995
0000000003164,00055.897969
0000000003165,00055.913010
0000000003166,00055.927974
0000000003167,00055.942964
0000000003168,00055.963157
0000000003169,00055.977960
0000000003170,00055.992970
0000000003171,00056.007921
0000000003172,00056.023072
0000000003173,00056.037988
0000000003174,00056.053052
0000000003175,00056.068099
0000000003176,00056.082986
0000000003177,00056.102995
0000000003178,00056.118115
0000000003179,00056.132938
0000000003180,00056.147994
0000000003181,00056.163044
0000000003182,00056.177933
0000000003183,00056.193008
0000000003184,00056.208007
0000000003185,00056.228000
0000000003186,00056.243004
0000000003187,00056.257956
0000000003188,00056.272954
0000000003189,00056.287963
0000000003190,00056.303019
0000000003191,00056.317991
0000000003192,00056.332974
0000000003193,00056.353027
0000000003194,00056.367997
0000000003195,00056.383031
0000000003196,00056.398031
0000000003197,00056.412965
0000000003198,00056.427984
0000000003199,00056.443016
0000000003200,00056.457946
0000000003201,00056.472983
0000000003202,00056.493072
0000000003203,00056.507974
0000000003204,00056.523039
0000000003205,00056.537982
0000000003206,00056.552968
0000000003207,00056.568082
0000000003208,00056.583057
0000000003209,00056.597969
0000000003210,00056.618118
0000000003211,00056.633042
0000000003212,00056.647968
0000000003213,00056.663056
0000000003214,00056.678063
0000000003215,00056.703204
0000000003216,00056.726136
0000000003217,00056.752314
0000000003218,00056.775274
0000000003219,00056.798107
0000000003220,00056.820947
0000000003221,00056.849837
0000000003222,00056.874378
0000000003223,00056.898117
0000000003224,00056.920722
0000000003225,00056.943877
0000000003226,00056.969452
0000000003227,00056.992255
0000000003228,00057.017830
0000000003229,00057.040743
0000000003230,00057.063430
0000000003231,00057.088601
0000000003232,00057.113494
0000000003233,00057.135985
0000000003234,00057.159803
0000000003235,00057.182910
0000000003236,00057.205215
0000000003237,00057.228221
0000000003238,00057.250903
0000000003239,00057.274100
0000000003240,00057.298714
0000000003241,00057.322073
0000000003242,00057.344797
0000000003243,00057.370116
0000000003244,00057.392522
0000000003245,00057.415338
0000000003246,00057.437752
0000000003247,00057.463144
0000000003248,00057.485536
0000000003249,00057.512164
0000000003250,00057.535973
0000000003251,00057.560156
0000000003252,00057.582834
0000000003253,00057.608323
0000000003254,00057.631163
0000000003255,00057.655334
0000000003256,00057.678383
0000000003257,00057.703024
0000000003258,00057.725608
0000000003259,00057.748263
0000000003260,00057.774857
0000000003261,00057.799777
0000000003262,00057.826335
0000000003263,00057.849323
0000000003264,00057.872107
0000000003265,00057.894814
0000000003266,00057.919705
0000000003267,00057.942309
0000000003268,00057.967368
0000000003269,00057.990040
0000000003270,00058.013113
0000000003271,00058.035915
0000000003272,00058.058134
0000000003273,00058.080602
0000000003274,00058.103271
0000000003275,00058.127237
0000000003276,00058.152959
0000000003277,00058.175482
0000000003278,00058.201959
0000000003279,00058.227466
0000000003280,00058.253539
0000000003281,00058.275870
0000000003282,00058.298248
0000000003283,00058.323241
0000000003284,00058.346929
0000000003285,00058.369943
0000000003286,00058.392842
0000000003287,00058.418531
0000000003288,00058.442980
0000000003289,00058.465844
0000000003290,00058.488673
0000000003291,00058.514093
0000000003292,00058.539204
0000000003293,00058.561805
0000000003294,00058.584840
0000000003295,00058.607352
0000000003296,00058.630657
0000000003297,00058.653028
0000000003298,00058.676055
0000000003299,00058.700904
0000000003300,00058.723820
0000000003301,00058.746413
0000000003302,00058.769481
0000000003303,00058.791907
0000000003304,00058.903140
0000000003305,00058.929464
0000000003306,00058.956805
0000000003307,00058.979014
0000000003308,00059.000698
0000000003309,00059.022648
0000000003310,00059.044198
0000000003311,00059.068887
0000000003312,00059.090218
0000000003313,00059.112182
0000000003314,00059.136380
0000000003315,00059.157908
0000000003316,00059.181034
0000000003317,00059.203022
0000000003318,00059.228210
0000000003319,00059.249796
0000000003320,00059.271530
0000000003321,00059.295702
0000000003322,00059.317491
0000000003323,00059.339579
0000000003324,00059.361568
0000000003325,00059.383292
0000000003326,00059.404945
0000000003327,00059.426918
0000000003328,00059.448569
0000000003329,00059.470636
0000000003330,00059.492405
0000000003331,00059.514100
0000000003332,00059.536322
0000000003333,00059.557755
0000000003334,00059.580019
0000000003335,00059.601643
0000000003336,00059.623481
0000000003337,00059.645637
0000000003338,00059.669076
0000000003339,00059.691191
0000000003340,00059.713076
0000000003341,00059.735150
0000000003342,00059.757157
0000000003343,00059.780292
0000000003344,00059.802934
0000000003345,00059.815123
0000000003346,00059.830132
0000000003347,00059.845095
0000000003348,00059.860134
0000000003349,00059.875109
0000000003350,00059.890105
0000000003351,00059.905104
0000000003352,00059.925175
0000000003353,00059.940154
0000000003354,00059.955119
0000000003355,00059.970096
0000000003356,00059.985127
0000000003357,00060.000136
0000000003358,00060.015118
0000000003359,00060.030133
0000000003360,00060.050144
0000000003361,00060.065335
0000000003362,00060.080189
0000000003363,00060.095444
0000000003364,00060.110097
0000000003365,00060.125277
0000000003366,00060.140101
0000000003367,00060.155396
0000000003368,00060.170098
0000000003369,00060.190198
0000000003370,00060.205339
0000000003371,00060.220153
0000000003372,00060.235181
0000000003373,00060.250130
0000000003374,00060.265293
0000000003375,00060.280103
0000000003376,00060.295312
0000000003377,00060.315159
0000000003378,00060.330112
0000000003379,00060.345111
0000000003380,00060.360223
0000000003381,00060.375298
0000000003382,00060.390110
0000000003383,00060.405363
0000000003384,00060.420182
0000000003385,00060.440186
0000000003386,00060.455165
0000000003387,00060.470135
0000000003388,00060.485094
0000000003389,00060.500131
0000000003390,00060.515309
0000000003391,00060.530159
0000000003392,00060.545268
0000000003393,00060.560449
0000000003394,00060.580199
0000000003395,00060.595184
0000000003396,00060.610233
0000000003397,00060.625297
0000000003398,00060.640264
0000000003399,00060.655214
0000000003400,00060.670151
0000000003401,00060.685190
0000000003402,00060.705175
0000000003403,00060.720121
0000000003404,00060.735189
0000000003405,00060.750194
0000000003406,00060.765171
0000000003407,00060.780198
0000000003408,00060.795198
0000000003409,00060.810169
0000000003410,00060.830199
0000000003411,00060.845196
0000000003412,00060.860169
0000000003413,00060.875143
0000000003414,00060.890180
0000000003415,00060.905167
0000000003416,00060.920208
0000000003417,00060.935187
0000000003418,00060.950166
0000000003419,00060.970211
0000000003420,00060.985240
0000000003421,00061.000158
0000000003422,00061.015299
0000000003423,00061.030338
0000000003424,00061.045124
0000000003425,00061.060203
0000000003426,00061.075203
0000000003427,00061.095224
0000000003428,00061.110197
0000000003429,00061.125405
0000000003430,00061.140190
0000000003431,00061.155181
0000000003432,00061.170399
0000000003433,00061.185129
0000000003434,00061.200145
0000000003435,00061.220498
0000000003436,00061.235196
0000000003437,00061.250271
0000000003438,00061.265157
0000000003439,00061.280145
0000000003440,00061.295257
0000000003441,00061.310215
0000000003442,00061.325135
0000000003443,00061.340141
0000000003444,00061.360242
0000000003445,00061.375152
0000000003446,00061.390177
0000000003447,00061.405219
0000000003448,00061.420156
0000000003449,00061.435209
0000000003450,00061.450197
0000000003451,00061.465261
0000000003452,00061.485509
0000000003453,00061.500181
0000000003454,00061.515363
0000000003455,00061.530175
0000000003456,00061.545180
0000000003457,00061.560465
0000000003458,00061.575103
0000000003459,00061.590250
0000000003460,00061.610187
0000000003461,00061.625214
0000000003462,00061.640171
0000000003463,00061.655206
0000000003464,00061.670218
0000000003465,00061.685362
0000000003466,00061.700188
0000000003467,00061.715193
0000000003468,00061.730226
0000000003469,00061.750313
0000000003470,00061.765273
0000000003471,00061.780227
0000000003472,00061.795367
0000000003473,00061.810216
0000000003474,00061.825198
0000000003475,00061.840141
0000000003476,00061.855183
0000000003477,00061.875234
0000000003478,00061.890145
0000000003479,00061.905308
0000000003480,00061.920234
0000000003481,00061.935346
0000000003482,00061.950349
0000000003483,00061.965221
0000000003484,00061.980148
0000000003485,00062.000570
0000000003486,00062.015171
0000000003487,00062.030217
0000000003488,00062.045209
0000000003489,00062.060227
0000000003490,00062.075181
0000000003491,00062.090153
0000000003492,00062.105315
0000000003493,00062.120217
0000000003494,00062.140146
0000000003495,00062.155231
0000000003496,00062.177861
0000000003497,00062.201175
0000000003498,00062.223532
0000000003499,00062.249694
0000000003500,00062.272194
0000000003501,00062.295022
0000000003502,00062.317778
0000000003503,00062.340657
0000000003504,00062.363835
0000000003505,00062.420613
0000000003506,00062.441551
0000000003507,00062.462172
0000000003508,00062.483827
0000000003509,00062.512036
0000000003510,00062.536435
0000000003511,00062.558929
0000000003512,00062.580805
0000000003513,00062.602248
0000000003514,00062.624421
0000000003515,00062.646078
0000000003516,00062.668120
0000000003517,00062.689615
0000000003518,00062.711157
0000000003519,00062.733248
0000000003520,00062.756498
0000000003521,00062.778166
0000000003522,00062.800161
0000000003523,00062.821599
0000000003524,00062.844126
0000000003525,00062.865844
0000000003526,00062.890109
0000000003527,00062.911874
0000000003528,00062.933948
0000000003529,00062.955851
0000000003530,00062.977230
0000000003531,00062.999204
0000000003532,00063.020628
0000000003533,00063.042467
0000000003534,00063.064578
0000000003535,00063.087260
0000000003536,00063.108930
0000000003537,00063.130767
0000000003538,00063.153096
0000000003539,00063.174797
0000000003540,00063.196724
0000000003541,00063.218632
0000000003542,00063.243206
0000000003543,00063.266770
0000000003544,00063.289545
0000000003545,00063.316126
0000000003546,00063.338612
0000000003547,00063.361936
0000000003548,00063.384445
0000000003549,00063.407532
0000000003550,00063.431111
0000000003551,00063.453660
0000000003552,00063.478101
0000000003553,00063.501126
0000000003554,00063.524376
0000000003555,00063.547011
0000000003556,00063.571401
0000000003557,00063.597673
0000000003558,00063.620739
0000000003559,00063.643620
0000000003560,00063.666510
0000000003561,00063.691331
0000000003562,00063.713728
0000000003563,00063.736827
0000000003564,00063.747293
0000000003565,00063.762235
0000000003566,00063.777257
0000000003567,00063.792298
0000000003568,00063.807235
0000000003569,00063.822288
0000000003570,00063.837308
0000000003571,00063.853235
0000000003572,00063.868252
0000000003573,00063.883238
0000000003574,00063.903310
0000000003575,00063.918265
0000000003576,00063.933264
0000000003577,00063.948248
0000000003578,00063.963272
0000000003579,00063.978260
0000000003580,00063.993247
0000000003581,00064.008275
0000000003582,00064.023298
0000000003583,00064.043282
0000000003584,00064.058307
0000000003585,00064.073316
0000000003586,00064.088228
0000000003587,00064.103322
0000000003588,00064.118302
0000000003589,00064.133251
0000000003590,00064.148214
0000000003591,00064.168509
0000000003592,00064.183246
0000000003593,00064.198246
0000000003594,00064.213286
0000000003595,00064.228228
0000000003596,00064.243380
0000000003597,00064.258278
0000000003598,00064.273414
0000000003599,00064.293337
0000000003600,00064.308283
0000000003601,00064.323265
0000000003602,00064.338309
0000000003603,00064.353349
0000000003604,00064.368287
0000000003605,00064.383318
0000000003606,00064.398274
0000000003607,00064.413271
0000000003608,00064.433373
0000000003609,00064.448321
0000000003610,00064.463267
0000000003611,00064.478313
0000000003612,00064.493307
0000000003613,00064.508259
0000000003614,00064.523260
0000000003615,00064.538325
0000000003616,00064.558318
0000000003617,00064.573309
0000000003618,00064.588309
0000000003619,00064.603265
0000000003620,00064.618280
0000000003621,00064.633343
0000000003622,00064.648295
0000000003623,00064.663353
0000000003624,00064.683315
0000000003625,00064.698261
0000000003626,00064.713361
0000000003627,00064.728314
0000000003628,00064.743277
0000000003629,00064.758360
0000000003630,00064.773341
0000000003631,00064.788272
0000000003632,00064.803326
0000000003633,00064.823341
0000000003634,00064.838250
0000000003635,00064.853380
0000000003636,00064.868258
0000000003637,00064.883310
0000000003638,00064.898334
0000000003639,00064.913377
0000000003640,00064.928287
0000000003641,00064.948350
0000000003642,00064.963491
0000000003643,00064.978297
0000000003644,00064.993339
0000000003645,00065.008392
0000000003646,00065.023304
0000000003647,00065.038304
0000000003648,00065.053403
0000000003649,00065.073282
0000000003650,00065.088314
0000000003651,00065.103335
0000000003652,00065.118304
0000000003653,00065.133346
0000000003654,00065.148288
0000000003655,00065.163342
0000000003656,00065.178276
0000000003657,00065.193315
0000000003658,00065.213369
0000000003659,00065.228374
0000000003660,00065.243324
0000000003661,00065.258309
0000000003662,00065.273342
0000000003663,00065.288361
0000000003664,00065.303353
0000000003665,00065.318351
0000000003666,00065.338513
0000000003667,00065.353401
0000000003668,00065.368363
0000000003669,00065.383363
0000000003670,00065.398278
0000000003671,00065.413415
0000000003672,00065.428378
0000000003673,00065.443460
0000000003674,00065.463361
0000000003675,00065.478362
0000000003676,00065.493417
0000000003677,00065.508383
0000000003678,00065.523369
0000000003679,00065.538278
0000000003680,00065.553449
0000000003681,00065.568431
0000000003682,00065.583336
0000000003683,00065.603425
0000000003684,00065.618401
0000000003685,00065.633441
0000000003686,00065.648350
0000000003687,00065.663358
0000000003688,00065.678420
0000000003689,00065.693289
0000000003690,00065.708434
0000000003691,00065.728326
0000000003692,00065.743516
0000000003693,00065.758392
0000000003694,00065.773291
0000000003695,00065.788341
0000000003696,00065.803370
0000000003697,00065.818355
0000000003698,00065.833529
0000000003699,00065.853387
0000000003700,00065.868300
0000000003701,00065.883405
0000000003702,00065.898350
0000000003703,00065.913484
0000000003704,00065.944968
0000000003705,00065.976402
0000000003706,00065.993435
0000000003707,00066.008405
0000000003708,00066.023382
0000000003709,00066.038417
0000000003710,00066.053407
0000000003711,00066.068307
0000000003712,00066.091248
0000000003713,00066.115902
0000000003714,00066.142720
0000000003715,00066.165625
0000000003716,00066.190926
0000000003717,00066.213833
0000000003718,00066.236374
0000000003719,00066.259423
0000000003720,00066.284599
0000000003721,00066.307778
0000000003722,00066.330776
0000000003723,00066.353784
0000000003724,00066.376444
0000000003725,00066.401577
0000000003726,00066.424184
0000000003727,00066.447327
0000000003728,00066.473239
0000000003729,00066.499415
0000000003730,00066.524798
0000000003731,00066.548349
0000000003732,00066.571365
0000000003733,00066.594108
0000000003734,00066.617126
0000000003735,00066.639766
0000000003736,00066.662461
0000000003737,00066.685390
0000000003738,00066.708304
0000000003739,00066.731402
0000000003740,00066.754589
0000000003741,00066.780785
0000000003742,00066.804028
0000000003743,00066.826522
0000000003744,00066.849333
0000000003745,00066.874079
0000000003746,00066.899377
0000000003747,00066.922142
0000000003748,00066.948695
0000000003749,00066.971903
0000000003750,00066.996972
0000000003751,00067.023884
0000000003752,00067.047958
0000000003753,00067.071423
0000000003754,00067.094462
0000000003755,00067.121237
0000000003756,00067.144251
0000000003757,00067.166784
0000000003758,00067.192160
0000000003759,00067.215203
0000000003760,00067.238244
0000000003761,00067.264173
0000000003762,00067.286707
0000000003763,00067.313257
0000000003764,00067.336474
0000000003765,00067.359069
0000000003766,00067.382138
0000000003767,00067.404798
0000000003768,00067.427786
0000000003769,00067.452454
0000000003770,00067.475763
0000000003771,00067.499316
0000000003772,00067.526094
0000000003773,00067.548798
0000000003774,00067.571683
0000000003775,00067.594133
0000000003776,00067.619835
0000000003777,00067.644700
0000000003778,00067.667355
0000000003779,00067.692836
0000000003780,00067.715354
0000000003781,00067.738089
0000000003782,00067.764723
0000000003783,00067.787773
0000000003784,00067.810928
0000000003785,00067.837538
0000000003786,00067.862813
0000000003787,00067.885730
0000000003788,00067.911672
0000000003789,00067.934545
0000000003790,00067.957653
0000000003791,00067.983611
0000000003792,00068.006610
0000000003793,00068.029133
0000000003794,00068.057517
0000000003795,00068.085420
0000000003796,00068.110494
0000000003797,00068.133330
0000000003798,00068.155754
0000000003799,00068.178870
0000000003800,00068.201307
0000000003801,00068.224344
0000000003802,00068.246815
0000000003803,00068.272727
0000000003804,00068.296821
0000000003805,00068.319924
0000000003806,00068.343757
0000000003807,00068.366668
0000000003808,00068.391982
0000000003809,00068.414479
0000000003810,00068.439140
0000000003811,00068.462319
0000000003812,00068.485013
0000000003813,00068.507973
0000000003814,00068.531085
0000000003815,00068.554038
0000000003816,00068.576837
0000000003817,00068.599696
0000000003818,00068.624343
0000000003819,00068.647270
0000000003820,00068.670685
0000000003821,00068.693633
0000000003822,00068.717729
0000000003823,00068.743223
0000000003824,00068.769710
0000000003825,00068.795117
0000000003826,00068.818061
0000000003827,00068.842070
0000000003828,00068.864943
0000000003829,00068.888186
0000000003830,00068.910936
0000000003831,00068.933574
0000000003832,00068.956560
0000000003833,00068.981999
0000000003834,00069.007270
0000000003835,00069.030414
0000000003836,00069.052913
0000000003837,00069.077606
0000000003838,00069.100311
0000000003839,00069.126846
0000000003840,00069.150294
0000000003841,00069.177178
0000000003842,00069.199590
0000000003843,00069.206179
0000000003844,00069.222549
0000000003845,00069.237464
0000000003846,00069.252476
0000000003847,00069.267601
0000000003848,00069.282411
0000000003849,00069.297504
0000000003850,00069.312582
0000000003851,00069.327507
0000000003852,00069.347609
0000000003853,00069.362571
0000000003854,00069.377468
0000000003855,00069.392650
0000000003856,00069.407524
0000000003857,00069.422507
0000000003858,00069.437495
0000000003859,00069.452480
0000000003860,00069.472545
0000000003861,00069.487503
0000000003862,00069.502564
0000000003863,00069.517534
0000000003864,00069.532644
0000000003865,00069.547519
0000000003866,00069.562511
0000000003867,00069.577564
0000000003868,00069.592522
0000000003869,00069.612514
0000000003870,00069.627525
0000000003871,00069.642523
0000000003872,00069.657569
0000000003873,00069.672495
0000000003874,00069.687503
0000000003875,00069.702469
0000000003876,00069.717512
0000000003877,00069.737569
0000000003878,00069.752567
0000000003879,00069.767574
0000000003880,00069.782512
0000000003881,00069.797544
0000000003882,00069.812538
0000000003883,00069.827515
0000000003884,00069.842479
0000000003885,00069.862648
0000000003886,00069.877504
0000000003887,00069.892484
0000000003888,00069.907514
0000000003889,00069.922582
0000000003890,00069.937497
0000000003891,00069.952501
0000000003892,00069.967488
0000000003893,00069.982600
0000000003894,00070.002572
0000000003895,00070.017566
0000000003896,00070.032554
0000000003897,00070.047624
0000000003898,00070.062553
0000000003899,00070.077524
0000000003900,00070.092680
0000000003901,00070.107616
0000000003902,00070.127491
0000000003903,00070.142747
0000000003904,00070.157948
0000000003905,00070.172517
0000000003906,00070.187651
0000000003907,00070.202545
0000000003908,00070.217479
0000000003909,00070.232522
0000000003910,00070.252577
0000000003911,00070.267549
0000000003912,00070.282540
0000000003913,00070.297584
0000000003914,00070.312523
0000000003915,00070.327576
0000000003916,00070.342552
0000000003917,00070.357475
0000000003918,00070.372766
0000000003919,00070.392913
0000000003920,00070.407820
0000000003921,00070.422590
0000000003922,00070.437577
0000000003923,00070.452559
0000000003924,00070.467846
0000000003925,00070.483140
0000000003926,00070.497522
0000000003927,00070.517811
0000000003928,00070.532510
0000000003929,00070.547545
0000000003930,00070.562695
0000000003931,00070.577572
0000000003932,00070.592681
0000000003933,00070.607748
0000000003934,00070.622586
0000000003935,00070.642539
0000000003936,00070.657621
0000000003937,00070.672626
0000000003938,00070.687497
0000000003939,00070.702573
0000000003940,00070.717671
0000000003941,00070.732523
0000000003942,00070.747618
0000000003943,00070.762568
0000000003944,00070.782552
0000000003945,00070.797584
0000000003946,00070.812538
0000000003947,00070.827589
0000000003948,00070.842607
0000000003949,00070.857841
0000000003950,00070.872519
0000000003951,00070.887690
0000000003952,00070.907746
0000000003953,00070.922532
0000000003954,00070.937866
0000000003955,00070.952879
0000000003956,00070.967503
0000000003957,00070.982559
0000000003958,00070.997554
0000000003959,00071.012584
0000000003960,00071.032648
0000000003961,00071.047558
0000000003962,00071.062532
0000000003963,00071.077668
0000000003964,00071.092556
0000000003965,00071.107542
0000000003966,00071.122734
0000000003967,00071.137557
0000000003968,00071.152563
0000000003969,00071.172814
0000000003970,00071.187569
0000000003971,00071.202483
0000000003972,00071.217803
0000000003973,00071.232561
0000000003974,00071.247707
0000000003975,00071.262725
0000000003976,00071.277579
0000000003977,00071.298072
0000000003978,00071.312623
0000000003979,00071.327851
0000000003980,00071.342591
0000000003981,00071.357847
0000000003982,00071.372735
0000000003983,00071.387609
0000000003984,00071.402583
0000000003985,00071.422927
0000000003986,00071.437643
0000000003987,00071.452621
0000000003988,00071.467475
0000000003989,00071.482656
0000000003990,00071.497751
0000000003991,00071.512605
0000000003992,00071.527562
0000000003993,00071.550317
0000000003994,00071.574678
0000000003995,00071.601978
0000000003996,00071.632602
0000000003997,00071.662130
0000000003998,00071.688029
0000000003999,00071.713078
0000000004000,00071.736300
0000000004001,00071.758927
0000000004002,00071.784230
0000000004003,00071.806982
0000000004004,00071.833581
0000000004005,00071.856238
0000000004006,00071.879321
0000000004007,00071.904457
0000000004008,00071.929057
0000000004009,00071.952142
0000000004010,00071.974812
0000000004011,00071.997223
0000000004012,00072.022762
0000000004013,00072.048224
0000000004014,00072.074158
0000000004015,00072.096766
0000000004016,00072.120108
0000000004017,00072.142499
0000000004018,00072.165101
0000000004019,00072.188083
0000000004020,00072.212244
0000000004021,00072.237722
0000000004022,00072.260688
0000000004023,00072.283559
0000000004024,00072.306393
0000000004025,00072.329421
0000000004026,00072.353937
0000000004027,00072.376507
0000000004028,00072.399279
0000000004029,00072.425992
0000000004030,00072.449635
0000000004031,00072.475110
0000000004032,00072.498413
0000000004033,00072.520908
0000000004034,00072.547397
0000000004035,00072.572632
0000000004036,00072.598733
0000000004037,00072.621734
0000000004038,00072.644347
0000000004039,00072.667051
0000000004040,00072.690368
0000000004041,00072.714083
0000000004042,00072.736864
0000000004043,00072.763414
0000000004044,00072.785952
0000000004045,00072.809424
0000000004046,00072.832114
0000000004047,00072.855286
0000000004048,00072.877828
0000000004049,00072.901642
0000000004050,00072.924151
0000000004051,00072.946765
0000000004052,00072.969815
0000000004053,00072.994639
0000000004054,00073.017366
0000000004055,00073.043145
0000000004056,00073.066019
0000000004057,00073.088822
0000000004058,00073.095177
0000000004059,00073.104659
0000000004060,00073.121610
0000000004061,00073.136676
0000000004062,00073.151720
0000000004063,00073.166605
0000000004064,00073.181664
0000000004065,00073.196699
0000000004066,00073.211610
0000000004067,00073.231690
0000000004068,00073.246680
0000000004069,00073.261728
0000000004070,00073.276690
0000000004071,00073.291745
0000000004072,00073.306661
0000000004073,00073.321649
0000000004074,00073.336662
0000000004075,00073.356781
0000000004076,00073.371735
0000000004077,00073.386610
0000000004078,00073.401627
0000000004079,00073.416665
0000000004080,00073.431643
0000000004081,00073.446632
0000000004082,00073.461667
0000000004083,00073.481696
0000000004084,00073.496620
0000000004085,00073.511665
0000000004086,00073.526675
0000000004087,00073.541625
0000000004088,00073.556656
0000000004089,00073.571666
0000000004090,00073.586714
0000000004091,00073.601597
0000000004092,00073.621693
0000000004093,00073.636564
0000000004094,00073.651673
0000000004095,00073.666664
0000000004096,00073.681773
0000000004097,00073.696661
0000000004098,00073.711703
0000000004099,00073.726626
0000000004100,00073.746778
0000000004101,00073.761694
0000000004102,00073.776736
0000000004103,00073.791699
0000000004104,00073.875822
0000000004105,00073.887073
0000000004106,00073.899526
0000000004107,00073.914574
0000000004108,00073.929539
0000000004109,00073.949576
0000000004110,00073.964562
0000000004111,00073.979627
0000000004112,00073.994590
0000000004113,00074.009533
0000000004114,00074.024675
0000000004115,00074.039696
0000000004116,00074.054544
0000000004117,00074.069540
0000000004118,00074.089681
0000000004119,00074.104598
0000000004120,00074.119623
0000000004121,00074.134542
0000000004122,00074.149574
0000000004123,00074.164605
0000000004124,00074.179577
0000000004125,00074.194610
0000000004126,00074.214606
0000000004127,00074.229646
0000000004128,00074.244615
0000000004129,00074.259579
0000000004130,00074.274625
0000000004131,00074.289582
0000000004132,00074.304593
0000000004133,00074.319623
0000000004134,00074.339608
0000000004135,00074.354648
0000000004136,00074.369625
0000000004137,00074.384573
0000000004138,00074.399603
0000000004139,00074.414609
0000000004140,00074.429542
0000000004141,00074.444555
0000000004142,00074.459632
0000000004143,00074.479609
0000000004144,00074.494629
0000000004145,00074.509542
0000000004146,00074.524552
0000000004147,00074.539710
0000000004148,00074.554618
0000000004149,00074.569589
0000000004150,00074.584582
0000000004151,00074.604671
0000000004152,00074.619532
0000000004153,00074.634579
0000000004154,00074.649601
0000000004155,00074.664586
0000000004156,00074.679639
0000000004157,00074.694632
0000000004158,00074.709495
0000000004159,00074.729666
0000000004160,00074.744618
0000000004161,00074.759594
0000000004162,00074.774595
0000000004163,00074.789615
0000000004164,00074.804483
0000000004165,00074.820539
0000000004166,00074.834716
0000000004167,00074.849654
0000000004168,00074.869682
0000000004169,00074.884692
0000000004170,00074.899733
0000000004171,00074.914662
0000000004172,00074.929650
0000000004173,00074.944626
0000000004174,00074.959785
0000000004175,00074.974916
0000000004176,00074.994744
0000000004177,00075.009885
0000000004178,00075.024791
0000000004179,00075.039654
0000000004180,00075.054821
0000000004181,00075.069689
0000000004182,00075.084624
0000000004183,00075.099878
0000000004184,00075.119930
0000000004185,00075.134735
0000000004186,00075.149683
0000000004187,00075.164699
0000000004188,00075.179628
0000000004189,00075.194709
0000000004190,00075.209721
0000000004191,00075.224626
0000000004192,00075.239648
0000000004193,00075.259698
0000000004194,00075.274675
0000000004195,00075.289715
0000000004196,00075.304696
0000000004197,00075.319699
0000000004198,00075.334691
0000000004199,00075.349691
0000000004200,00075.364671
0000000004201,00075.384685
0000000004202,00075.399682
0000000004203,00075.414652
0000000004204,00075.429706
0000000004205,00075.444682
0000000004206,00075.459692
0000000004207,00075.474696
0000000004208,00075.489666
0000000004209,00075.509724
0000000004210,00075.524883
0000000004211,00075.539697
0000000004212,00075.554852
0000000004213,00075.569699
0000000004214,00075.585021
0000000004215,00075.599636
0000000004216,00075.614715
0000000004217,00075.629687
0000000004218,00075.649683
0000000004219,00075.664683
0000000004220,00075.679674
0000000004221,00075.694669
0000000004222,00075.709669
0000000004223,00075.724666
