0000000001081,00016.843525
0000000001082,00016.858479
0000000001083,00016.873416
0000000001084,00016.888529
0000000001085,00016.903446
0000000001086,00016.918404
0000000001087,00016.933354
0000000001088,00016.948454
0000000001089,00016.968486
0000000001090,00016.983460
0000000001091,00016.998458
0000000001092,00017.013411
0000000001093,00017.028448
0000000001094,00017.043457
0000000001095,00017.058419
0000000001096,00017.073409
0000000001097,00017.089554
0000000001098,00017.104385
0000000001099,00017.124514
0000000001100,00017.139471
0000000001101,00017.154418
0000000001102,00017.169542
0000000001103,00017.184441
0000000001104,00017.199474
0000000001105,00017.214394
0000000001106,00017.229447
0000000001107,00017.249481
0000000001108,00017.264507
0000000001109,00017.279407
0000000001110,00017.294406
0000000001111,00017.309438
0000000001112,00017.324444
0000000001113,00017.339400
0000000001114,00017.354354
0000000001115,00017.374511
0000000001116,00017.389462
0000000001117,00017.404420
0000000001118,00017.419445
0000000001119,00017.434419
0000000001120,00017.449632
0000000001121,00017.464473
0000000001122,00017.479434
0000000001123,00017.495005
0000000001124,00017.514476
0000000001125,00017.529448
0000000001126,00017.544494
0000000001127,00017.559510
0000000001128,00017.574395
0000000001129,00017.589406
0000000001130,00017.604441
0000000001131,00017.619389
0000000001132,00017.639499
0000000001133,00017.654406
0000000001134,00017.669396
0000000001135,00017.684475
0000000001136,00017.699504
0000000001137,00017.714421
0000000001138,00017.729351
0000000001139,00017.744487
0000000001140,00017.764523
0000000001141,00017.779515
0000000001142,00017.794459
0000000001143,00017.809430
0000000001144,00017.824469
0000000001145,00017.839460
0000000001146,00017.854425
0000000001147,00017.869410
0000000001148,00017.884501
0000000001149,00017.904467
0000000001150,00017.919494
0000000001151,00017.934493
0000000001152,00017.949567
0000000001153,00017.964654
0000000001154,00017.979514
0000000001155,00017.994411
0000000001156,00018.009430
0000000001157,00018.029496
0000000001158,00018.044669
0000000001159,00018.059518
0000000001160,00018.074459
0000000001161,00018.089463
0000000001162,00018.104491
0000000001163,00018.119633
0000000001164,00018.134431
0000000001165,00018.154675
0000000001166,00018.169471
0000000001167,00018.184407
0000000001168,00018.199462
0000000001169,00018.214505
0000000001170,00018.229438
0000000001171,00018.244370
0000000001172,00018.259515
0000000001173,00018.274420
0000000001174,00018.294489
0000000001175,00018.309482
0000000001176,00018.324437
0000000001177,00018.339511
0000000001178,00018.354476
0000000001179,00018.369417
0000000001180,00018.384413
0000000001181,00018.399509
0000000001182,00018.419497
0000000001183,00018.434496
0000000001184,00018.449507
0000000001185,00018.464453
0000000001186,00018.479519
0000000001187,00018.494514
0000000001188,00018.509455
0000000001189,00018.527507
0000000001190,00018.542549
0000000001191,00018.557429
0000000001192,00018.572431
0000000001193,00018.587484
0000000001194,00018.602531
0000000001195,00018.622585
0000000001196,00018.637421
0000000001197,00018.652434
0000000001198,00018.667527
0000000001199,00018.682519
0000000001200,00018.697603
0000000001201,00018.712433
0000000001202,00018.727500
0000000001203,00018.742433
0000000001204,00018.762567
0000000001205,00018.777493
0000000001206,00018.792487
0000000001207,00018.807528
0000000001208,00018.822502
0000000001209,00018.837443
0000000001210,00018.852418
0000000001211,00018.867509
0000000001212,00018.887490
0000000001213,00018.902620
0000000001214,00018.917476
0000000001215,00018.932456
0000000001216,00018.947591
0000000001217,00018.962576
0000000001218,00018.977501
0000000001219,00018.992474
0000000001220,00019.012515
0000000001221,00019.027439
0000000001222,00019.042497
0000000001223,00019.057561
0000000001224,00019.072470
0000000001225,00019.087519
0000000001226,00019.102563
0000000001227,00019.117419
0000000001228,00019.132454
0000000001229,00019.152600
0000000001230,00019.167445
0000000001231,00019.182558
0000000001232,00019.197687
0000000001233,00019.212481
0000000001234,00019.227696
0000000001235,00019.242545
0000000001236,00019.257470
0000000001237,00019.277528
0000000001238,00019.292540
0000000001239,00019.307459
0000000001240,00019.322519
0000000001241,00019.337550
0000000001242,00019.352466
0000000001243,00019.367440
0000000001244,00019.382541
0000000001245,00019.402642
0000000001246,00019.417515
0000000001247,00019.432546
0000000001248,00019.447446
0000000001249,00019.462564
0000000001250,00019.477747
0000000001251,00019.492487
0000000001252,00019.507659
0000000001253,00019.522692
0000000001254,00019.542585
0000000001255,00019.557665
0000000001256,00019.572636
0000000001257,00019.587515
0000000001258,00019.602741
0000000001259,00019.617911
0000000001260,00019.632518
0000000001261,00019.647680
0000000001262,00019.667740
0000000001263,00019.682916
0000000001264,00019.697654
0000000001265,00019.712588
0000000001266,00019.727561
0000000001267,00019.742554
0000000001268,00019.757618
0000000001269,00019.772526
0000000001270,00019.792536
0000000001271,00019.807593
0000000001272,00019.822526
0000000001273,00019.837508
0000000001274,00019.852520
0000000001275,00019.867441
0000000001276,00019.882416
0000000001277,00019.897587
0000000001278,00019.912486
0000000001279,00019.932562
0000000001280,00019.947512
0000000001281,00019.966033
0000000001282,00019.977570
0000000001283,00019.992631
0000000001284,00020.007576
0000000001285,00020.022618
0000000001286,00020.037604
0000000001287,00020.057601
0000000001288,00020.072576
0000000001289,00020.087645
0000000001290,00020.102623
0000000001291,00020.117644
0000000001292,00020.132627
0000000001293,00020.147563
0000000001294,00020.162579
0000000001295,00020.182637
0000000001296,00020.197640
0000000001297,00020.212631
0000000001298,00020.227639
0000000001299,00020.242563
0000000001300,00020.257627
0000000001301,00020.272686
0000000001302,00020.287593
0000000001303,00020.302602
0000000001304,00020.322689
0000000001305,00020.337632
0000000001306,00020.352619
0000000001307,00020.367788
0000000001308,00020.382652
0000000001309,00020.397673
0000000001310,00020.412636
0000000001311,00020.427611
0000000001312,00020.447653
0000000001313,00020.462645
0000000001314,00020.477632
0000000001315,00020.492726
0000000001316,00020.507629
0000000001317,00020.523726
0000000001318,00020.539375
0000000001319,00020.552703
0000000001320,00020.572671
0000000001321,00020.587608
0000000001322,00020.602700
0000000001323,00020.617641
0000000001324,00020.632673
0000000001325,00020.647663
0000000001326,00020.662646
0000000001327,00020.677571
0000000001328,00020.692666
0000000001329,00020.712588
0000000001330,00020.727716
0000000001331,00020.742758
0000000001332,00020.757641
0000000001333,00020.772709
0000000001334,00020.787639
0000000001335,00020.802614
0000000001336,00020.817652
0000000001337,00020.837717
0000000001338,00020.852626
0000000001339,00020.867701
0000000001340,00020.882647
0000000001341,00020.897572
0000000001342,00020.912653
0000000001343,00020.927645
0000000001344,00020.942666
0000000001345,00020.957624
0000000001346,00020.977643
0000000001347,00020.992635
0000000001348,00021.007674
0000000001349,00021.022676
0000000001350,00021.037628
0000000001351,00021.052685
0000000001352,00021.067616
0000000001353,00021.082664
0000000001354,00021.102739
0000000001355,00021.117684
0000000001356,00021.132602
0000000001357,00021.147707
0000000001358,00021.162673
0000000001359,00021.177624
0000000001360,00021.192514
0000000001361,00021.207656
0000000001362,00021.227666
0000000001363,00021.242735
0000000001364,00021.257642
0000000001365,00021.272637
0000000001366,00021.287653
0000000001367,00021.302614
0000000001368,00021.317571
0000000001369,00021.332659
0000000001370,00021.347690
0000000001371,00021.367665
0000000001372,00021.382745
0000000001373,00021.397792
0000000001374,00021.412715
0000000001375,00021.428025
0000000001376,00021.442622
0000000001377,00021.457675
0000000001378,00021.472610
0000000001379,00021.492716
0000000001380,00021.507689
0000000001381,00021.522670
0000000001382,00021.537605
0000000001383,00021.553625
0000000001384,00021.568733
0000000001385,00021.583665
0000000001386,00021.598628
0000000001387,00021.613679
0000000001388,00021.628666
0000000001389,00021.648765
0000000001390,00021.663704
0000000001391,00021.678640
0000000001392,00021.693689
0000000001393,00021.708725
0000000001394,00021.723669
0000000001395,00021.738636
0000000001396,00021.753708
0000000001397,00021.773728
0000000001398,00021.788631
0000000001399,00021.803692
0000000001400,00021.818646
0000000001401,00021.833646
0000000001402,00021.848621
0000000001403,00021.863746
0000000001404,00021.878691
0000000001405,00021.893681
0000000001406,00021.913779
0000000001407,00021.928526
0000000001408,00021.943722
0000000001409,00021.958688
0000000001410,00021.973719
0000000001411,00021.988680
0000000001412,00022.003801
0000000001413,00022.018651
0000000001414,00022.038747
0000000001415,00022.049674
0000000001416,00022.069818
0000000001417,00022.084683
0000000001418,00022.099685
0000000001419,00022.114702
0000000001420,00022.129654
0000000001421,00022.144736
0000000001422,00022.159651
0000000001423,00022.174606
0000000001424,00022.194856
0000000001425,00022.209650
0000000001426,00022.224754
0000000001427,00022.239709
0000000001428,00022.254776
0000000001429,00022.269658
0000000001430,00022.284675
0000000001431,00022.299661
0000000001432,00022.319763
0000000001433,00022.334753
0000000001434,00022.349638
0000000001435,00022.364746
0000000001436,00022.379748
0000000001437,00022.394692
0000000001438,00022.409710
0000000001439,00022.424776
0000000001440,00022.439671
0000000001441,00022.459798
0000000001442,00022.474685
0000000001443,00022.489679
0000000001444,00022.504755
0000000001445,00022.519775
0000000001446,00022.534744
0000000001447,00022.549641
0000000001448,00022.564721
0000000001449,00022.584705
0000000001450,00022.599727
0000000001451,00022.614757
0000000001452,00022.629732
0000000001453,00022.644725
0000000001454,00022.659761
0000000001455,00022.674654
0000000001456,00022.689761
0000000001457,00022.709781
0000000001458,00022.724645
0000000001459,00022.739774
0000000001460,00022.754747
0000000001461,00022.769690
0000000001462,00022.784747
0000000001463,00022.799710
0000000001464,00022.814735
0000000001465,00022.829703
0000000001466,00022.849771
0000000001467,00022.864732
0000000001468,00022.893710
0000000001469,00022.916341
0000000001470,00022.941089
0000000001471,00022.963139
0000000001472,00022.986757
0000000001473,00023.011801
0000000001474,00023.036814
0000000001475,00023.059836
0000000001476,00023.084551
0000000001477,00023.106717
0000000001478,00023.130125
0000000001479,00023.155226
0000000001480,00023.178145
0000000001481,00023.277179
0000000001482,00023.331554
0000000001483,00023.356434
0000000001484,00023.379549
0000000001485,00023.402632
0000000001486,00023.425435
0000000001487,00023.449117
0000000001488,00023.471668
0000000001489,00023.495105
0000000001490,00023.518201
0000000001491,00023.540942
0000000001492,00023.563552
0000000001493,00023.586620
0000000001494,00023.609467
0000000001495,00023.632581
0000000001496,00023.655616
0000000001497,00023.678618
0000000001498,00023.701671
0000000001499,00023.725054
0000000001500,00023.748831
0000000001501,00023.774075
0000000001502,00023.796923
0000000001503,00023.819867
0000000001504,00023.843444
0000000001505,00023.866812
0000000001506,00023.889389
0000000001507,00023.915059
0000000001508,00023.937993
0000000001509,00023.961163
0000000001510,00023.984339
0000000001511,00024.007551
0000000001512,00024.031976
0000000001513,00024.054886
0000000001514,00024.078616
0000000001515,00024.101897
0000000001516,00024.124855
0000000001517,00024.147936
0000000001518,00024.170685
0000000001519,00024.194101
0000000001520,00024.216798
0000000001521,00024.239655
0000000001522,00024.262686
0000000001523,00024.286289
0000000001524,00024.309232
0000000001525,00024.332864
0000000001526,00024.356919
0000000001527,00024.380486
0000000001528,00024.403600
0000000001529,00024.427278
0000000001530,00024.450868
0000000001531,00024.478339
0000000001532,00024.501276
0000000001533,00024.525056
0000000001534,00024.550607
0000000001535,00024.575852
0000000001536,00024.599340
0000000001537,00024.624353
0000000001538,00024.650857
0000000001539,00024.674871
0000000001540,00024.699479
0000000001541,00024.726843
0000000001542,00024.750936
0000000001543,00024.776473
0000000001544,00024.805703
0000000001545,00024.831995
0000000001546,00024.855381
0000000001547,00024.879136
0000000001548,00024.903874
0000000001549,00024.927498
0000000001550,00024.951241
0000000001551,00024.975033
0000000001552,00025.001444
0000000001553,00025.025064
0000000001554,00025.049287
0000000001555,00025.072509
0000000001556,00025.097209
0000000001557,00025.122839
0000000001558,00025.149414
0000000001559,00025.175082
0000000001560,00025.198162
0000000001561,00025.221985
0000000001562,00025.245160
0000000001563,00025.271320
0000000001564,00025.294734
0000000001565,00025.318279
0000000001566,00025.344675
0000000001567,00025.367653
0000000001568,00025.393756
0000000001569,00025.416845
0000000001570,00025.439937
0000000001571,00025.465442
0000000001572,00025.488931
0000000001573,00025.515960
0000000001574,00025.541124
0000000001575,00025.567790
0000000001576,00025.592046
0000000001577,00025.615752
0000000001578,00025.639751
0000000001579,00025.662901
0000000001580,00025.685896
0000000001581,00025.713339
0000000001582,00025.738943
0000000001583,00025.762496
0000000001584,00025.789418
0000000001585,00025.812340
0000000001586,00025.835932
0000000001587,00025.862710
0000000001588,00025.887675
0000000001589,00025.913460
0000000001590,00025.936732
0000000001591,00025.959899
0000000001592,00025.985938
0000000001593,00026.010246
0000000001594,00026.017029
0000000001595,00026.029000
0000000001596,00026.043883
0000000001597,00026.058950
0000000001598,00026.079000
0000000001599,00026.093897
0000000001600,00026.108970
0000000001601,00026.124008
0000000001602,00026.138920
0000000001603,00026.153916
0000000001604,00026.168983
0000000001605,00026.183919
0000000001606,00026.203975
0000000001607,00026.218999
0000000001608,00026.233890
0000000001609,00026.249009
0000000001610,00026.263969
0000000001611,00026.278926
0000000001612,00026.294024
0000000001613,00026.309012
0000000001614,00026.329001
0000000001615,00026.343979
0000000001616,00026.358928
0000000001617,00026.373947
0000000001618,00026.388882
0000000001619,00026.403993
0000000001620,00026.418972
0000000001621,00026.433979
0000000001622,00026.449029
0000000001623,00026.468945
0000000001624,00026.483952
0000000001625,00026.498893
0000000001626,00026.513934
0000000001627,00026.528922
0000000001628,00026.543943
0000000001629,00026.558984
0000000001630,00026.573927
0000000001631,00026.593999
0000000001632,00026.608921
0000000001633,00026.623939
0000000001634,00026.638859
0000000001635,00026.653895
0000000001636,00026.668933
0000000001637,00026.683990
0000000001638,00026.698953
0000000001639,00026.719074
0000000001640,00026.733911
0000000001641,00026.749015
0000000001642,00026.763962
0000000001643,00026.779073
0000000001644,00026.793992
0000000001645,00026.808861
0000000001646,00026.824012
0000000001647,00026.839097
0000000001648,00026.859055
0000000001649,00026.874008
0000000001650,00026.888863
0000000001651,00026.904005
0000000001652,00026.918912
0000000001653,00026.933948
0000000001654,00026.948938
0000000001655,00026.963952
0000000001656,00026.983893
0000000001657,00026.998907
0000000001658,00027.013985
0000000001659,00027.028994
0000000001660,00027.043962
0000000001661,00027.059023
0000000001662,00027.073959
0000000001663,00027.088889
0000000001664,00027.109005
0000000001665,00027.123918
0000000001666,00027.139008
0000000001667,00027.153978
0000000001668,00027.168977
0000000001669,00027.183985
0000000001670,00027.198957
0000000001671,00027.213973
0000000001672,00027.229247
0000000001673,00027.249183
0000000001674,00027.263915
0000000001675,00027.279053
0000000001676,00027.293911
0000000001677,00027.308864
0000000001678,00027.323944
0000000001679,00027.339215
0000000001680,00027.353981
0000000001681,00027.390359
0000000001682,00027.403856
0000000001683,00027.418813
0000000001684,00027.433832
0000000001685,00027.448810
0000000001686,00027.464988
0000000001687,00027.478865
0000000001688,00027.498880
0000000001689,00027.513852
0000000001690,00027.528886
0000000001691,00027.543973
0000000001692,00027.558905
0000000001693,00027.573904
0000000001694,00027.588815
0000000001695,00027.603903
0000000001696,00027.618969
0000000001697,00027.638874
0000000001698,00027.653903
0000000001699,00027.669002
0000000001700,00027.683976
0000000001701,00027.698983
0000000001702,00027.713993
0000000001703,00027.728902
0000000001704,00027.744001
0000000001705,00027.764022
0000000001706,00027.778911
0000000001707,00027.794050
0000000001708,00027.809023
0000000001709,00027.823948
0000000001710,00027.839024
0000000001711,00027.853990
0000000001712,00027.869073
0000000001713,00027.889019
0000000001714,00027.903963
0000000001715,00027.919042
0000000001716,00027.933973
0000000001717,00027.949085
0000000001718,00027.963961
0000000001719,00027.978935
0000000001720,00027.994026
0000000001721,00028.008968
0000000001722,00028.029052
0000000001723,00028.044027
0000000001724,00028.058948
0000000001725,00028.074084
0000000001726,00028.089130
0000000001727,00028.103970
0000000001728,00028.119075
0000000001729,00028.134081
0000000001730,00028.154016
0000000001731,00028.168991
0000000001732,00028.184093
0000000001733,00028.198965
0000000001734,00028.214051
0000000001735,00028.229085
0000000001736,00028.244023
0000000001737,00028.258998
0000000001738,00028.279053
0000000001739,00028.293917
0000000001740,00028.308999
0000000001741,00028.324024
0000000001742,00028.338983
0000000001743,00028.361973
0000000001744,00028.385604
0000000001745,00028.414393
0000000001746,00028.437931
0000000001747,00028.461668
0000000001748,00028.488308
0000000001749,00028.514347
0000000001750,00028.537606
0000000001751,00028.561730
0000000001752,00028.586381
0000000001753,00028.612090
0000000001754,00028.636268
0000000001755,00028.660879
0000000001756,00028.687180
0000000001757,00028.710235
0000000001758,00028.733678
0000000001759,00028.758185
0000000001760,00028.781718
0000000001761,00028.808672
0000000001762,00028.834953
0000000001763,00028.862100
0000000001764,00028.886001
0000000001765,00028.912225
0000000001766,00028.935714
0000000001767,00028.959331
0000000001768,00028.984014
0000000001769,00029.007098
0000000001770,00029.030651
0000000001771,00029.056470
0000000001772,00029.079787
0000000001773,00029.105674
0000000001774,00029.128968
0000000001775,00029.153281
0000000001776,00029.176395
0000000001777,00029.199925
0000000001778,00029.222893
0000000001779,00029.246093
0000000001780,00029.270963
0000000001781,00029.296592
0000000001782,00029.319857
0000000001783,00029.343301
0000000001784,00029.367534
0000000001785,00029.391024
0000000001786,00029.416922
0000000001787,00029.442580
0000000001788,00029.469786
0000000001789,00029.495883
0000000001790,00029.520844
0000000001791,00029.544478
0000000001792,00029.570595
0000000001793,00029.595665
0000000001794,00029.622420
0000000001795,00029.647654
0000000001796,00029.671391
0000000001797,00029.696945
0000000001798,00029.719996
0000000001799,00029.745917
0000000001800,00029.769709
0000000001801,00029.796563
0000000001802,00029.823553
0000000001803,00029.847471
0000000001804,00029.871323
0000000001805,00029.896243
0000000001806,00029.922551
0000000001807,00029.929424
0000000001808,00029.944060
0000000001809,00029.958992
0000000001810,00029.979142
0000000001811,00029.994086
0000000001812,00030.009015
0000000001813,00030.024061
0000000001814,00030.039105
0000000001815,00030.054081
0000000001816,00030.069051
0000000001817,00030.084176
0000000001818,00030.104171
0000000001819,00030.119058
0000000001820,00030.134188
0000000001821,00030.149097
0000000001822,00030.164102
0000000001823,00030.178971
0000000001824,00030.194112
0000000001825,00030.209065
0000000001826,00030.224077
0000000001827,00030.244115
0000000001828,00030.259028
0000000001829,00030.274042
0000000001830,00030.289176
0000000001831,00030.304201
0000000001832,00030.319148
0000000001833,00030.334017
0000000001834,00030.349025
0000000001835,00030.369061
0000000001836,00030.384085
0000000001837,00030.399075
0000000001838,00030.414086
0000000001839,00030.429190
0000000001840,00030.444150
0000000001841,00030.459052
0000000001842,00030.474101
0000000001843,00030.494104
0000000001844,00030.509164
0000000001845,00030.524076
0000000001846,00030.539110
0000000001847,00030.554121
0000000001848,00030.569112
0000000001849,00030.584080
0000000001850,00030.599131
0000000001851,00030.614145
0000000001852,00030.634084
0000000001853,00030.649141
0000000001854,00030.664145
0000000001855,00030.679088
0000000001856,00030.694139
0000000001857,00030.709091
0000000001858,00030.724107
0000000001859,00030.739168
0000000001860,00030.759185
0000000001861,00030.774095
0000000001862,00030.789137
0000000001863,00030.804176
0000000001864,00030.819131
0000000001865,00030.834119
0000000001866,00030.849203
0000000001867,00030.864111
0000000001868,00030.884111
0000000001869,00030.899087
0000000001870,00030.914098
0000000001871,00030.929107
0000000001872,00030.944137
0000000001873,00030.959119
0000000001874,00030.974215
0000000001875,00030.989158
0000000001876,00031.004116
0000000001877,00031.024319
0000000001878,00031.039167
0000000001879,00031.054068
0000000001880,00031.069163
0000000001881,00031.131836
0000000001882,00031.149228
0000000001883,00031.163986
0000000001884,00031.179030
0000000001885,00031.194017
0000000001886,00031.209029
0000000001887,00031.224076
0000000001888,00031.238960
0000000001889,00031.253991
0000000001890,00031.274057
0000000001891,00031.289169
0000000001892,00031.304039
0000000001893,00031.319007
0000000001894,00031.333971
0000000001895,00031.348990
0000000001896,00031.364085
0000000001897,00031.378928
0000000001898,00031.393961
0000000001899,00031.414114
0000000001900,00031.429051
0000000001901,00031.444096
0000000001902,00031.459054
0000000001903,00031.473973
0000000001904,00031.494017
0000000001905,00031.504072
0000000001906,00031.519126
0000000001907,00031.539195
0000000001908,00031.554144
0000000001909,00031.569081
0000000001910,00031.584210
0000000001911,00031.599146
0000000001912,00031.614188
0000000001913,00031.629136
0000000001914,00031.644223
0000000001915,00031.664138
0000000001916,00031.679173
0000000001917,00031.694176
0000000001918,00031.709151
0000000001919,00031.724154
0000000001920,00031.739098
0000000001921,00031.754097
0000000001922,00031.769013
0000000001923,00031.784143
0000000001924,00031.804193
0000000001925,00031.819244
0000000001926,00031.834156
0000000001927,00031.849179
0000000001928,00031.864135
0000000001929,00031.879396
0000000001930,00031.894188
0000000001931,00031.909053
0000000001932,00031.929440
0000000001933,00031.944121
0000000001934,00031.959264
0000000001935,00031.974158
0000000001936,00031.989096
0000000001937,00032.004260
0000000001938,00032.019098
0000000001939,00032.034075
0000000001940,00032.054263
0000000001941,00032.069197
0000000001942,00032.084150
0000000001943,00032.099186
0000000001944,00032.114150
0000000001945,00032.129118
0000000001946,00032.144205
0000000001947,00032.159105
0000000001948,00032.174103
0000000001949,00032.194095
0000000001950,00032.209047
0000000001951,00032.224178
0000000001952,00032.239209
0000000001953,00032.254175
0000000001954,00032.269208
0000000001955,00032.284120
0000000001956,00032.307513
0000000001957,00032.334754
0000000001958,00032.357969
0000000001959,00032.384124
0000000001960,00032.409637
0000000001961,00032.435252
0000000001962,00032.461339
0000000001963,00032.485006
0000000001964,00032.508451
0000000001965,00032.531649
0000000001966,00032.554993
0000000001967,00032.579220
0000000001968,00032.606379
0000000001969,00032.630303
0000000001970,00032.653201
0000000001971,00032.677037
0000000001972,00032.700444
0000000001973,00032.724970
0000000001974,00032.748066
0000000001975,00032.771698
0000000001976,00032.795175
0000000001977,00032.820966
0000000001978,00032.846887
0000000001979,00032.870457
0000000001980,00032.896532
0000000001981,00032.920305
0000000001982,00032.943662
0000000001983,00032.966741
0000000001984,00032.990665
0000000001985,00033.015879
0000000001986,00033.040215
0000000001987,00033.064052
0000000001988,00033.087276
0000000001989,00033.111839
0000000001990,00033.135355
0000000001991,00033.159153
0000000001992,00033.185569
0000000001993,00033.212435
0000000001994,00033.235547
0000000001995,00033.259318
0000000001996,00033.282496
0000000001997,00033.306621
0000000001998,00033.330401
0000000001999,00033.353532
0000000002000,00033.376834
0000000002001,00033.400399
0000000002002,00033.424240
0000000002003,00033.451288
0000000002004,00033.477371
0000000002005,00033.501756
0000000002006,00033.525337
0000000002007,00033.549805
0000000002008,00033.576462
0000000002009,00033.602955
0000000002010,00033.630233
0000000002011,00033.653606
0000000002012,00033.677484
0000000002013,00033.701117
0000000002014,00033.724883
0000000002015,00033.749993
0000000002016,00033.773950
0000000002017,00033.798988
0000000002018,00033.822582
0000000002019,00033.846638
0000000002020,00033.869959
0000000002021,00033.893925
0000000002022,00033.919569
0000000002023,00033.945776
0000000002024,00033.970591
0000000002025,00033.993948
0000000002026,00034.021480
0000000002027,00034.046334
0000000002028,00034.072151
0000000002029,00034.096302
0000000002030,00034.119692
0000000002031,00034.147821
0000000002032,00034.175989
0000000002033,00034.199223
0000000002034,00034.223164
0000000002035,00034.250070
0000000002036,00034.273555
0000000002037,00034.297295
0000000002038,00034.323412
0000000002039,00034.350793
0000000002040,00034.377067
0000000002041,00034.400552
0000000002042,00034.424028
0000000002043,00034.448146
0000000002044,00034.472066
0000000002045,00034.496114
0000000002046,00034.519786
0000000002047,00034.543598
0000000002048,00034.569707
0000000002049,00034.593952
0000000002050,00034.620566
0000000002051,00034.644332
0000000002052,00034.668785
0000000002053,00034.694898
0000000002054,00034.719702
0000000002055,00034.743558
0000000002056,00034.767979
0000000002057,00034.791571
0000000002058,00034.815783
0000000002059,00034.839340
0000000002060,00034.863377
0000000002061,00034.889023
0000000002062,00034.916420
0000000002063,00034.940449
0000000002064,00034.965225
0000000002065,00034.989246
0000000002066,00035.014558
0000000002067,00035.041862
0000000002068,00035.065759
0000000002069,00035.089578
0000000002070,00035.117190
0000000002071,00035.141332
0000000002072,00035.166983
0000000002073,00035.190975
0000000002074,00035.216185
0000000002075,00035.240829
0000000002076,00035.265476
0000000002077,00035.289622
0000000002078,00035.313226
0000000002079,00035.336913
0000000002080,00035.363130
0000000002081,00035.389387
0000000002082,00035.439659
0000000002083,00035.451318
0000000002084,00035.466240
0000000002085,00035.481376
0000000002086,00035.501287
0000000002087,00035.516259
0000000002088,00035.531260
0000000002089,00035.546255
0000000002090,00035.561244
0000000002091,00035.576305
0000000002092,00035.591241
0000000002093,00035.606091
0000000002094,00035.626346
0000000002095,00035.641244
0000000002096,00035.656338
0000000002097,00035.671295
0000000002098,00035.686263
0000000002099,00035.701286
0000000002100,00035.716344
0000000002101,00035.731209
0000000002102,00035.751402
0000000002103,00035.766360
0000000002104,00035.781229
0000000002105,00035.796339
0000000002106,00035.811290
0000000002107,00035.826267
0000000002108,00035.841317
0000000002109,00035.856344
0000000002110,00035.871318
0000000002111,00035.891295
0000000002112,00035.906291
0000000002113,00035.921289
0000000002114,00035.936358
0000000002115,00035.951321
0000000002116,00035.966217
0000000002117,00035.981288
0000000002118,00035.996338
0000000002119,00036.016352
0000000002120,00036.031374
0000000002121,00036.046304
0000000002122,00036.061320
0000000002123,00036.076295
0000000002124,00036.091217
0000000002125,00036.106274
0000000002126,00036.121322
0000000002127,00036.141274
0000000002128,00036.156195
0000000002129,00036.171356
0000000002130,00036.186258
0000000002131,00036.201336
0000000002132,00036.216310
0000000002133,00036.231358
0000000002134,00036.246227
0000000002135,00036.261210
0000000002136,00036.281400
0000000002137,00036.296187
0000000002138,00036.311282
0000000002139,00036.326375
0000000002140,00036.341211
0000000002141,00036.356342
0000000002142,00036.371306
0000000002143,00036.386255
0000000002144,00036.406319
0000000002145,00036.421352
0000000002146,00036.436231
0000000002147,00036.451375
0000000002148,00036.466257
0000000002149,00036.481380
0000000002150,00036.496325
0000000002151,00036.511343
0000000002152,00036.526297
0000000002153,00036.546383
0000000002154,00036.561205
0000000002155,00036.576286
0000000002156,00036.591352
0000000002157,00036.606403
0000000002158,00036.621347
0000000002159,00036.636263
0000000002160,00036.651412
0000000002161,00036.671454
0000000002162,00036.686375
0000000002163,00036.701359
0000000002164,00036.716370
0000000002165,00036.731317
0000000002166,00036.746370
0000000002167,00036.761260
0000000002168,00036.776259
0000000002169,00036.796400
0000000002170,00036.811297
0000000002171,00036.826380
0000000002172,00036.841339
0000000002173,00036.856266
0000000002174,00036.871395
0000000002175,00036.886369
0000000002176,00036.901277
0000000002177,00036.916333
0000000002178,00036.936380
0000000002179,00036.951356
0000000002180,00036.966325
0000000002181,00036.981220
0000000002182,00036.996340
0000000002183,00037.011287
0000000002184,00037.026415
0000000002185,00037.041295
0000000002186,00037.061394
0000000002187,00037.076313
0000000002188,00037.091328
0000000002189,00037.106418
0000000002190,00037.121396
0000000002191,00037.136286
0000000002192,00037.151270
0000000002193,00037.166282
0000000002194,00037.186369
0000000002195,00037.201334
0000000002196,00037.216528
0000000002197,00037.231249
0000000002198,00037.246364
0000000002199,00037.261336
0000000002200,00037.276377
0000000002201,00037.291217
0000000002202,00037.306339
0000000002203,00037.326410
0000000002204,00037.341371
0000000002205,00037.356392
0000000002206,00037.371317
0000000002207,00037.386402
0000000002208,00037.401414
0000000002209,00037.416321
0000000002210,00037.431345
0000000002211,00037.451438
0000000002212,00037.466365
0000000002213,00037.481399
0000000002214,00037.496331
0000000002215,00037.511306
0000000002216,00037.526314
0000000002217,00037.541384
0000000002218,00037.556327
0000000002219,00037.576401
0000000002220,00037.591280
0000000002221,00037.606354
0000000002222,00037.621284
0000000002223,00037.636368
0000000002224,00037.651258
0000000002225,00037.666441
0000000002226,00037.681399
0000000002227,00037.696545
0000000002228,00037.716437
0000000002229,00037.731405
0000000002230,00037.746402
0000000002231,00037.761426
0000000002232,00037.792845
0000000002233,00037.817099
0000000002234,00037.840091
0000000002235,00037.863989
0000000002236,00037.890919
0000000002237,00037.915810
0000000002238,00037.942072
0000000002239,00037.966087
0000000002240,00037.991635
0000000002241,00038.015574
0000000002242,00038.038629
0000000002243,00038.062873
0000000002244,00038.086215
0000000002245,00038.109539
0000000002246,00038.133901
0000000002247,00038.160945
0000000002248,00038.184324
0000000002249,00038.208002
0000000002250,00038.233837
0000000002251,00038.260107
0000000002252,00038.283617
0000000002253,00038.307127
0000000002254,00038.330377
0000000002255,00038.353165
0000000002256,00038.380287
0000000002257,00038.403806
0000000002258,00038.427219
0000000002259,00038.450438
0000000002260,00038.473781
0000000002261,00038.500771
0000000002262,00038.524393
0000000002263,00038.547938
0000000002264,00038.574407
0000000002265,00038.597465
0000000002266,00038.621070
0000000002267,00038.646377
0000000002268,00038.669913
0000000002269,00038.693747
0000000002270,00038.717282
0000000002271,00038.741064
0000000002272,00038.768245
0000000002273,00038.791763
0000000002274,00038.815077
0000000002275,00038.840954
0000000002276,00038.864505
0000000002277,00038.887827
0000000002278,00038.911841
0000000002279,00038.935336
0000000002280,00038.958822
0000000002281,00039.030977
0000000002282,00039.087996
0000000002283,00039.111064
0000000002284,00039.134519
0000000002285,00039.157551
0000000002286,00039.182648
0000000002287,00039.209144
0000000002288,00039.232690
0000000002289,00039.255942
0000000002290,00039.281636
0000000002291,00039.305403
0000000002292,00039.329109
0000000002293,00039.338434
0000000002294,00039.353466
0000000002295,00039.368538
0000000002296,00039.383426
0000000002297,00039.398370
0000000002298,00039.413426
0000000002299,00039.428379
0000000002300,00039.448317
0000000002301,00039.463452
0000000002302,00039.478335
0000000002303,00039.493444
0000000002304,00039.508459
0000000002305,00039.523415
0000000002306,00039.538439
0000000002307,00039.553443
0000000002308,00039.568411
0000000002309,00039.588507
0000000002310,00039.603419
0000000002311,00039.618452
0000000002312,00039.633450
0000000002313,00039.648421
0000000002314,00039.663442
0000000002315,00039.678359
0000000002316,00039.693481
0000000002317,00039.713563
0000000002318,00039.728446
0000000002319,00039.743396
0000000002320,00039.758466
0000000002321,00039.773468
0000000002322,00039.788525
0000000002323,00039.803358
0000000002324,00039.818605
0000000002325,00039.838649
0000000002326,00039.853412
0000000002327,00039.868476
0000000002328,00039.883463
0000000002329,00039.898454
0000000002330,00039.913483
0000000002331,00039.928445
0000000002332,00039.943401
0000000002333,00039.958479
0000000002334,00039.978438
0000000002335,00039.993415
0000000002336,00040.008487
0000000002337,00040.023479
0000000002338,00040.038384
0000000002339,00040.053497
0000000002340,00040.068545
0000000002341,00040.083367
0000000002342,00040.103450
0000000002343,00040.118551
0000000002344,00040.133382
0000000002345,00040.148440
0000000002346,00040.163427
0000000002347,00040.178338
0000000002348,00040.193414
0000000002349,00040.208544
0000000002350,00040.228463
0000000002351,00040.243362
0000000002352,00040.258530
0000000002353,00040.273389
0000000002354,00040.288359
0000000002355,00040.303403
0000000002356,00040.318435
0000000002357,00040.333425
0000000002358,00040.348471
0000000002359,00040.368518
0000000002360,00040.383529
0000000002361,00040.398444
0000000002362,00040.413419
0000000002363,00040.428419
0000000002364,00040.443495
0000000002365,00040.458396
0000000002366,00040.473480
0000000002367,00040.493550
0000000002368,00040.508423
0000000002369,00040.523568
0000000002370,00040.538455
0000000002371,00040.553463
0000000002372,00040.568441
0000000002373,00040.583426
0000000002374,00040.598469
0000000002375,00040.613480
0000000002376,00040.633610
0000000002377,00040.648651
0000000002378,00040.663694
0000000002379,00040.678561
0000000002380,00040.693492
0000000002381,00040.708662
0000000002382,00040.723578
0000000002383,00040.738489
0000000002384,00040.758484
0000000002385,00040.773544
0000000002386,00040.788474
0000000002387,00040.803451
0000000002388,00040.818717
0000000002389,00040.833339
0000000002390,00040.848674
0000000002391,00040.863473
0000000002392,00040.883540
0000000002393,00040.898526
0000000002394,00040.913458
0000000002395,00040.928533
0000000002396,00040.943531
0000000002397,00040.958829
0000000002398,00040.973517
0000000002399,00040.988464
0000000002400,00041.003545
0000000002401,00041.023525
0000000002402,00041.038470
0000000002403,00041.053465
0000000002404,00041.068509
0000000002405,00041.083501
0000000002406,00041.098474
0000000002407,00041.113406
0000000002408,00041.128541
0000000002409,00041.148679
0000000002410,00041.163384
0000000002411,00041.178622
0000000002412,00041.193448
0000000002413,00041.208454
0000000002414,00041.223645
0000000002415,00041.238528
0000000002416,00041.253389
0000000002417,00041.273763
0000000002418,00041.288488
0000000002419,00041.303469
0000000002420,00041.318594
0000000002421,00041.333531
0000000002422,00041.348580
0000000002423,00041.363514
0000000002424,00041.378586
0000000002425,00041.393536
0000000002426,00041.413695
0000000002427,00041.428489
0000000002428,00041.443450
0000000002429,00041.458561
0000000002430,00041.473525
0000000002431,00041.488482
0000000002432,00041.503445
0000000002433,00041.518632
0000000002434,00041.538533
0000000002435,00041.553669
0000000002436,00041.568634
0000000002437,00041.583507
0000000002438,00041.598557
0000000002439,00041.613505
0000000002440,00041.628414
0000000002441,00041.643577
0000000002442,00041.663536
0000000002443,00041.678741
0000000002444,00041.693456
0000000002445,00041.716887
0000000002446,00041.740411
0000000002447,00041.764059
0000000002448,00041.787575
0000000002449,00041.813554
0000000002450,00041.839504
0000000002451,00041.862761
0000000002452,00041.888422
0000000002453,00041.915417
0000000002454,00041.939167
0000000002455,00041.963343
0000000002456,00041.987749
0000000002457,00042.011138
0000000002458,00042.035468
0000000002459,00042.058509
0000000002460,00042.085562
0000000002461,00042.111315
0000000002462,00042.138471
0000000002463,00042.162172
0000000002464,00042.186198
0000000002465,00042.211103
0000000002466,00042.234144
0000000002467,00042.257744
0000000002468,00042.281159
0000000002469,00042.308295
0000000002470,00042.331930
0000000002471,00042.355149
0000000002472,00042.379682
0000000002473,00042.402594
0000000002474,00042.426280
0000000002475,00042.449167
0000000002476,00042.475693
0000000002477,00042.499140
0000000002478,00042.526148
0000000002479,00042.550243
0000000002480,00042.573236
0000000002481,00042.602293
0000000002482,00042.645503
0000000002483,00042.668665
0000000002484,00042.692181
0000000002485,00042.715112
0000000002486,00042.738503
0000000002487,00042.761775
0000000002488,00042.785322
0000000002489,00042.810745
0000000002490,00042.834659
0000000002491,00042.859027
0000000002492,00042.883687
0000000002493,00042.908746
0000000002494,00042.932201
0000000002495,00042.957891
0000000002496,00042.981048
0000000002497,00043.004646
0000000002498,00043.028197
0000000002499,00043.051717
0000000002500,00043.077029
0000000002501,00043.102814
0000000002502,00043.125982
0000000002503,00043.149343
0000000002504,00043.174531
0000000002505,00043.198035
0000000002506,00043.224072
0000000002507,00043.249375
0000000002508,00043.272987
0000000002509,00043.296512
0000000002510,00043.319931
0000000002511,00043.344403
0000000002512,00043.367795
0000000002513,00043.392407
0000000002514,00043.415635
0000000002515,00043.439300
0000000002516,00043.464740
0000000002517,00043.488497
0000000002518,00043.513323
0000000002519,00043.537316
0000000002520,00043.562259
0000000002521,00043.590456
0000000002522,00043.617042
0000000002523,00043.640659
0000000002524,00043.664216
0000000002525,00043.689141
0000000002526,00043.712780
0000000002527,00043.739140
0000000002528,00043.763898
0000000002529,00043.788245
0000000002530,00043.811872
0000000002531,00043.835709
0000000002532,00043.862864
0000000002533,00043.887956
0000000002534,00043.911860
0000000002535,00043.935415
0000000002536,00043.959322
0000000002537,00043.983133
0000000002538,00044.009713
0000000002539,00044.037052
0000000002540,00044.061996
0000000002541,00044.086180
0000000002542,00044.112719
0000000002543,00044.136635
0000000002544,00044.162948
0000000002545,00044.186545
0000000002546,00044.210395
0000000002547,00044.234358
0000000002548,00044.260758
0000000002549,00044.286761
0000000002550,00044.313069
0000000002551,00044.337163
0000000002552,00044.361146
0000000002553,00044.384772
0000000002554,00044.408763
0000000002555,00044.435366
0000000002556,00044.461886
0000000002557,00044.486355
0000000002558,00044.512674
0000000002559,00044.536847
0000000002560,00044.560488
0000000002561,00044.584602
0000000002562,00044.609561
0000000002563,00044.633223
0000000002564,00044.657123
0000000002565,00044.680712
0000000002566,00044.704739
0000000002567,00044.730522
0000000002568,00044.754405
0000000002569,00044.779323
0000000002570,00044.802851
0000000002571,00044.827241
0000000002572,00044.834144
0000000002573,00044.844712
0000000002574,00044.859600
0000000002575,00044.874688
0000000002576,00044.889679
0000000002577,00044.904658
0000000002578,00044.919618
0000000002579,00044.934710
0000000002580,00044.954669
0000000002581,00044.969659
0000000002582,00044.984698
0000000002583,00044.999618
0000000002584,00045.014688
0000000002585,00045.029693
0000000002586,00045.044574
0000000002587,00045.059713
0000000002588,00045.079698
0000000002589,00045.094603
0000000002590,00045.109622
0000000002591,00045.124687
0000000002592,00045.139649
0000000002593,00045.154764
0000000002594,00045.169673
0000000002595,00045.184720
0000000002596,00045.204714
0000000002597,00045.219646
0000000002598,00045.234635
0000000002599,00045.249852
0000000002600,00045.264594
0000000002601,00045.279665
0000000002602,00045.294708
0000000002603,00045.309709
0000000002604,00045.324809
0000000002605,00045.344680
0000000002606,00045.359816
0000000002607,00045.374672
0000000002608,00045.389671
0000000002609,00045.404909
0000000002610,00045.419632
0000000002611,00045.434793
0000000002612,00045.449896
0000000002613,00045.470003
0000000002614,00045.484722
0000000002615,00045.499805
0000000002616,00045.514658
0000000002617,00045.529734
0000000002618,00045.544699
0000000002619,00045.559627
0000000002620,00045.574645
0000000002621,00045.594737
0000000002622,00045.609623
0000000002623,00045.624728
0000000002624,00045.639631
0000000002625,00045.654678
0000000002626,00045.669630
0000000002627,00045.684691
0000000002628,00045.699824
0000000002629,00045.714792
0000000002630,00045.734777
0000000002631,00045.749665
0000000002632,00045.764711
0000000002633,00045.779703
0000000002634,00045.794692
0000000002635,00045.809734
0000000002636,00045.824655
0000000002637,00045.839620
0000000002638,00045.859847
0000000002639,00045.874668
0000000002640,00045.889889
0000000002641,00045.904711
0000000002642,00045.919707
0000000002643,00045.934687
0000000002644,00045.949648
0000000002645,00045.964704
0000000002646,00045.984710
0000000002647,00045.999777
0000000002648,00046.014667
0000000002649,00046.029641
0000000002650,00046.044713
0000000002651,00046.059714
0000000002652,00046.074667
0000000002653,00046.089826
0000000002654,00046.104725
0000000002655,00046.124718
0000000002656,00046.139732
0000000002657,00046.154998
0000000002658,00046.169635
0000000002659,00046.184786
0000000002660,00046.199988
0000000002661,00046.214641
0000000002662,00046.229649
0000000002663,00046.250069
0000000002664,00046.264643
0000000002665,00046.279693
0000000002666,00046.294833
0000000002667,00046.309765
0000000002668,00046.324694
0000000002669,00046.339973
0000000002670,00046.354722
0000000002671,00046.374794
0000000002672,00046.389728
0000000002673,00046.404804
0000000002674,00046.419684
0000000002675,00046.434924
0000000002676,00046.449880
0000000002677,00046.465038
0000000002678,00046.479717
0000000002679,00046.494688
0000000002680,00046.515089
0000000002681,00046.595394
0000000002682,00046.621976
0000000002683,00046.636559
0000000002684,00046.651551
0000000002685,00046.666579
0000000002686,00046.686611
0000000002687,00046.701572
0000000002688,00046.716666
0000000002689,00046.731547
0000000002690,00046.746567
0000000002691,00046.761631
0000000002692,00046.776508
0000000002693,00046.793604
0000000002694,00046.807687
0000000002695,00046.822596
0000000002696,00046.842745
0000000002697,00046.857590
0000000002698,00046.872623
0000000002699,00046.887697
0000000002700,00046.902724
0000000002701,00046.917650
0000000002702,00046.932705
0000000002703,00046.947679
0000000002704,00046.962666
0000000002705,00046.982695
0000000002706,00046.997612
0000000002707,00047.012669
0000000002708,00047.027691
0000000002709,00047.042624
0000000002710,00047.057689
0000000002711,00047.072554
0000000002712,00047.087776
0000000002713,00047.107669
0000000002714,00047.122842
0000000002715,00047.137753
0000000002716,00047.152642
0000000002717,00047.167730
0000000002718,00047.190991
0000000002719,00047.216717
0000000002720,00047.246710
0000000002721,00047.272518
0000000002722,00047.295830
0000000002723,00047.320111
0000000002724,00047.343704
0000000002725,00047.367864
0000000002726,00047.391699
0000000002727,00047.416600
0000000002728,00047.443463
0000000002729,00047.470781
0000000002730,00047.494094
0000000002731,00047.518183
0000000002732,00047.541571
0000000002733,00047.568230
0000000002734,00047.591518
0000000002735,00047.614809
0000000002736,00047.640252
0000000002737,00047.664007
0000000002738,00047.687525
0000000002739,00047.712057
0000000002740,00047.737826
0000000002741,00047.762438
0000000002742,00047.787562
0000000002743,00047.813124
0000000002744,00047.839198
0000000002745,00047.861660
0000000002746,00047.886497
0000000002747,00047.911261
0000000002748,00047.935163
0000000002749,00047.957752
0000000002750,00047.983123
0000000002751,00048.006147
0000000002752,00048.029598
0000000002753,00048.052181
0000000002754,00048.076123
0000000002755,00048.099195
0000000002756,00048.125274
0000000002757,00048.148624
0000000002758,00048.171854
0000000002759,00048.197511
0000000002760,00048.221077
0000000002761,00048.244760
0000000002762,00048.268060
0000000002763,00048.291604
0000000002764,00048.314890
0000000002765,00048.337850
0000000002766,00048.361549
0000000002767,00048.385047
0000000002768,00048.408415
0000000002769,00048.434092
0000000002770,00048.457120
0000000002771,00048.481134
0000000002772,00048.505929
0000000002773,00048.529236
0000000002774,00048.552397
0000000002775,00048.575524
0000000002776,00048.601248
0000000002777,00048.624583
0000000002778,00048.648129
0000000002779,00048.673963
0000000002780,00048.701015
0000000002781,00048.724227
0000000002782,00048.747827
0000000002783,00048.759839
0000000002784,00048.774752
0000000002785,00048.789728
0000000002786,00048.804772
0000000002787,00048.819693
0000000002788,00048.834690
0000000002789,00048.850786
0000000002790,00048.865706
0000000002791,00048.885780
0000000002792,00048.900761
0000000002793,00048.915756
0000000002794,00048.930754
0000000002795,00048.945731
0000000002796,00048.960804
0000000002797,00048.975793
0000000002798,00048.990688
0000000002799,00049.010796
0000000002800,00049.025704
0000000002801,00049.040841
0000000002802,00049.055744
0000000002803,00049.070735
0000000002804,00049.085731
0000000002805,00049.100729
0000000002806,00049.115735
0000000002807,00049.135903
0000000002808,00049.150696
0000000002809,00049.165676
0000000002810,00049.180809
0000000002811,00049.195766
0000000002812,00049.210643
0000000002813,00049.225839
0000000002814,00049.240778
0000000002815,00049.255805
0000000002816,00049.275781
0000000002817,00049.290806
0000000002818,00049.305758
0000000002819,00049.320828
0000000002820,00049.335763
0000000002821,00049.350731
0000000002822,00049.365779
0000000002823,00049.380843
0000000002824,00049.400808
0000000002825,00049.415795
0000000002826,00049.430782
0000000002827,00049.445751
0000000002828,00049.460767
0000000002829,00049.475766
0000000002830,00049.490808
0000000002831,00049.505693
0000000002832,00049.525768
0000000002833,00049.540764
0000000002834,00049.555786
0000000002835,00049.570804
0000000002836,00049.585767
0000000002837,00049.600792
0000000002838,00049.615672
0000000002839,00049.630768
0000000002840,00049.645701
0000000002841,00049.661753
0000000002842,00049.681724
0000000002843,00049.696770
0000000002844,00049.711809
0000000002845,00049.726760
0000000002846,00049.741775
0000000002847,00049.756760
0000000002848,00049.771815
0000000002849,00049.786696
0000000002850,00049.801756
0000000002851,00049.821762
0000000002852,00049.836708
0000000002853,00049.851731
0000000002854,00049.866745
0000000002855,00049.881786
0000000002856,00049.896824
0000000002857,00049.911702
0000000002858,00049.926728
0000000002859,00049.946777
0000000002860,00049.961817
0000000002861,00049.976891
0000000002862,00049.991806
0000000002863,00050.006781
0000000002864,00050.021818
0000000002865,00050.036823
0000000002866,00050.051763
0000000002867,00050.071767
0000000002868,00050.086781
0000000002869,00050.101671
0000000002870,00050.116818
0000000002871,00050.131870
0000000002872,00050.146797
0000000002873,00050.161835
0000000002874,00050.176728
0000000002875,00050.191781
0000000002876,00050.211802
0000000002877,00050.226797
0000000002878,00050.241758
0000000002879,00050.256800
0000000002880,00050.271799
0000000002881,00050.307106
0000000002882,00050.317748
0000000002883,00050.332689
0000000002884,00050.347691
0000000002885,00050.367746
0000000002886,00050.382762
0000000002887,00050.397742
0000000002888,00050.412739
0000000002889,00050.427714
0000000002890,00050.442705
0000000002891,00050.457689
0000000002892,00050.472625
0000000002893,00050.492806
0000000002894,00050.507684
0000000002895,00050.522710
0000000002896,00050.537845
0000000002897,00050.552670
0000000002898,00050.567713
0000000002899,00050.582711
0000000002900,00050.597683
0000000002901,00050.617702
0000000002902,00050.632761
0000000002903,00050.647763
0000000002904,00050.662700
0000000002905,00050.677781
0000000002906,00050.692710
0000000002907,00050.707695
0000000002908,00050.722608
0000000002909,00050.737724
0000000002910,00050.757733
0000000002911,00050.772826
0000000002912,00050.787742
0000000002913,00050.802620
0000000002914,00050.817750
0000000002915,00050.832761
0000000002916,00050.847716
0000000002917,00050.862606
0000000002918,00050.882733
0000000002919,00050.897788
0000000002920,00050.912778
0000000002921,00050.927728
0000000002922,00050.942650
0000000002923,00050.957694
0000000002924,00050.973733
0000000002925,00050.988731
0000000002926,00051.003670
0000000002927,00051.018757
0000000002928,00051.038848
0000000002929,00051.053850
0000000002930,00051.068790
0000000002931,00051.083842
0000000002932,00051.098855
0000000002933,00051.124151
0000000002934,00051.147599
0000000002935,00051.170557
0000000002936,00051.193678
0000000002937,00051.219198
0000000002938,00051.242729
0000000002939,00051.265655
0000000002940,00051.289124
0000000002941,00051.312830
0000000002942,00051.336358
0000000002943,00051.359737
0000000002944,00051.383400
0000000002945,00051.407739
0000000002946,00051.431297
0000000002947,00051.458121
0000000002948,00051.481744
0000000002949,00051.508567
0000000002950,00051.534960
0000000002951,00051.560770
0000000002952,00051.583820
0000000002953,00051.609184
0000000002954,00051.633033
0000000002955,00051.656778
0000000002956,00051.683996
0000000002957,00051.708152
0000000002958,00051.734345
0000000002959,00051.759352
0000000002960,00051.784360
0000000002961,00051.808837
0000000002962,00051.832591
0000000002963,00051.855843
0000000002964,00051.879364
0000000002965,00051.903430
0000000002966,00051.927090
0000000002967,00051.952391
0000000002968,00051.975979
0000000002969,00052.000467
0000000002970,00052.024047
0000000002971,00052.047138
0000000002972,00052.072525
0000000002973,00052.096562
0000000002974,00052.119771
0000000002975,00052.145490
0000000002976,00052.170970
0000000002977,00052.195133
0000000002978,00052.220481
0000000002979,00052.244089
0000000002980,00052.268001
0000000002981,00052.294921
0000000002982,00052.318632
0000000002983,00052.342138
0000000002984,00052.369691
0000000002985,00052.393570
0000000002986,00052.420278
0000000002987,00052.444247
0000000002988,00052.467856
0000000002989,00052.495298
0000000002990,00052.519321
0000000002991,00052.544910
0000000002992,00052.569054
0000000002993,00052.592995
0000000002994,00052.619506
0000000002995,00052.643373
0000000002996,00052.669065
0000000002997,00052.693155
0000000002998,00052.718683
0000000002999,00052.742514
0000000003000,00052.765998
0000000003001,00052.790338
0000000003002,00052.813609
0000000003003,00052.837753
0000000003004,00052.863130
0000000003005,00052.886511
0000000003006,00052.913902
0000000003007,00052.942335
0000000003008,00052.969844
0000000003009,00052.993713
0000000003010,00053.018011
0000000003011,00053.041162
0000000003012,00053.064188
0000000003013,00053.091631
0000000003014,00053.117562
0000000003015,00053.141541
0000000003016,00053.165245
0000000003017,00053.188979
0000000003018,00053.212418
0000000003019,00053.236837
0000000003020,00053.260501
0000000003021,00053.284053
0000000003022,00053.308151
0000000003023,00053.335771
0000000003024,00053.359124
0000000003025,00053.385441
0000000003026,00053.409200
0000000003027,00053.432517
0000000003028,00053.455875
0000000003029,00053.479538
0000000003030,00053.504335
0000000003031,00053.529025
0000000003032,00053.552994
0000000003033,00053.577183
0000000003034,00053.602259
0000000003035,00053.626151
0000000003036,00053.649906
0000000003037,00053.673775
0000000003038,00053.697691
0000000003039,00053.725179
0000000003040,00053.749283
0000000003041,00053.773375
0000000003042,00053.799778
0000000003043,00053.825934
0000000003044,00053.851451
0000000003045,00053.878254
0000000003046,00053.901525
0000000003047,00053.928919
0000000003048,00053.953027
0000000003049,00053.976171
0000000003050,00054.000571
0000000003051,00054.024405
0000000003052,00054.048363
0000000003053,00054.071818
0000000003054,00054.095605
0000000003055,00054.120895
0000000003056,00054.147757
0000000003057,00054.173134
0000000003058,00054.198927
0000000003059,00054.226412
0000000003060,00054.237037
0000000003061,00054.251939
0000000003062,00054.267008
0000000003063,00054.281962
0000000003064,00054.296991
0000000003065,00054.311907
0000000003066,00054.327103
0000000003067,00054.341992
0000000003068,00054.357036
0000000003069,00054.376998
0000000003070,00054.391984
0000000003071,00054.407026
0000000003072,00054.422013
0000000003073,00054.437063
0000000003074,00054.451954
0000000003075,00054.467041
0000000003076,00054.482025
0000000003077,00054.502014
0000000003078,00054.517028
0000000003079,00054.531929
0000000003080,00054.546971
0000000003081,00054.600042
0000000003082,00054.611590
0000000003083,00054.633529
0000000003084,00054.641839
0000000003085,00054.656859
0000000003086,00054.671887
0000000003087,00054.686806
0000000003088,00054.701888
0000000003089,00054.716911
0000000003090,00054.731812
0000000003091,00054.746810
0000000003092,00054.766904
0000000003093,00054.781815
0000000003094,00054.796862
0000000003095,00054.811910
0000000003096,00054.826828
0000000003097,00054.841800
0000000003098,00054.856817
0000000003099,00054.871877
0000000003100,00054.891961
0000000003101,00054.906853
0000000003102,00054.921817
0000000003103,00054.936895
0000000003104,00054.951880
0000000003105,00054.966827
0000000003106,00054.981841
0000000003107,00054.996911
0000000003108,00055.016863
0000000003109,00055.031951
0000000003110,00055.046960
0000000003111,00055.061886
0000000003112,00055.076923
0000000003113,00055.091985
0000000003114,00055.106893
0000000003115,00055.121797
0000000003116,00055.136958
0000000003117,00055.157050
0000000003118,00055.171922
0000000003119,00055.186906
0000000003120,00055.201909
0000000003121,00055.216846
0000000003122,00055.231933
0000000003123,00055.246841
0000000003124,00055.261868
0000000003125,00055.281917
0000000003126,00055.296839
0000000003127,00055.311893
0000000003128,00055.326871
0000000003129,00055.341901
0000000003130,00055.357040
0000000003131,00055.371879
0000000003132,00055.386833
0000000003133,00055.406859
0000000003134,00055.421885
0000000003135,00055.436825
0000000003136,00055.451968
0000000003137,00055.466816
0000000003138,00055.481864
0000000003139,00055.497021
0000000003140,00055.511884
0000000003141,00055.526843
0000000003142,00055.546897
0000000003143,00055.561848
0000000003144,00055.576827
0000000003145,00055.591869
0000000003146,00055.606914
0000000003147,00055.621839
0000000003148,00055.636818
0000000003149,00055.651851
0000000003150,00055.672120
0000000003151,00055.686896
0000000003152,00055.701900
0000000003153,00055.716877
0000000003154,00055.732201
0000000003155,00055.747004
0000000003156,00055.762056
0000000003157,00055.776941
0000000003158,00055.797007
0000000003159,00055.811936
0000000003160,00055.827031
0000000003161,00055.841891
0000000003162,00055.856930
0000000003163,00055.872000
0000000003164,00055.887042
0000000003165,00055.902016
0000000003166,00055.916965
0000000003167,00055.937176
0000000003168,00055.951946
0000000003169,00055.967123
0000000003170,00055.981995
0000000003171,00055.996978
0000000003172,00056.012040
0000000003173,00056.027081
0000000003174,00056.041952
0000000003175,00056.062010
0000000003176,00056.076971
0000000003177,00056.091932
0000000003178,00056.106970
0000000003179,00056.122054
0000000003180,00056.136894
0000000003181,00056.152003
0000000003182,00056.167091
0000000003183,00056.181942
0000000003184,00056.202097
0000000003185,00056.216948
0000000003186,00056.231934
0000000003187,00056.247036
0000000003188,00056.261915
0000000003189,00056.276952
0000000003190,00056.291951
0000000003191,00056.307076
0000000003192,00056.326958
0000000003193,00056.342033
0000000003194,00056.356971
0000000003195,00056.371962
0000000003196,00056.387027
0000000003197,00056.402012
0000000003198,00056.417060
0000000003199,00056.432063
0000000003200,00056.452065
0000000003201,00056.467082
0000000003202,00056.482026
0000000003203,00056.497101
0000000003204,00056.511953
0000000003205,00056.527057
0000000003206,00056.542078
0000000003207,00056.557039
0000000003208,00056.572105
0000000003209,00056.595500
0000000003210,00056.619605
0000000003211,00056.643078
0000000003212,00056.666907
0000000003213,00056.690209
0000000003214,00056.713751
0000000003215,00056.739051
0000000003216,00056.763394
0000000003217,00056.786373
0000000003218,00056.809936
0000000003219,00056.833770
0000000003220,00056.857087
0000000003221,00056.879815
0000000003222,00056.903597
0000000003223,00056.926475
0000000003224,00056.950095
0000000003225,00056.973958
0000000003226,00056.996564
0000000003227,00057.022484
0000000003228,00057.045779
0000000003229,00057.068446
0000000003230,00057.092098
0000000003231,00057.116254
0000000003232,00057.139961
0000000003233,00057.162622
0000000003234,00057.188495
0000000003235,00057.211749
0000000003236,00057.235069
0000000003237,00057.257988
0000000003238,00057.281372
0000000003239,00057.305210
0000000003240,00057.331257
0000000003241,00057.355452
0000000003242,00057.378478
0000000003243,00057.402774
0000000003244,00057.425831
0000000003245,00057.452505
0000000003246,00057.476411
0000000003247,00057.499945
0000000003248,00057.522939
0000000003249,00057.548884
0000000003250,00057.572674
0000000003251,00057.595582
0000000003252,00057.621554
0000000003253,00057.645059
0000000003254,00057.668754
0000000003255,00057.691938
0000000003256,00057.715284
0000000003257,00057.738485
0000000003258,00057.764094
0000000003259,00057.787142
0000000003260,00057.810693
0000000003261,00057.833661
0000000003262,00057.856846
0000000003263,00057.882509
0000000003264,00057.905598
0000000003265,00057.928553
0000000003266,00057.953895
0000000003267,00057.976811
0000000003268,00057.999968
0000000003269,00058.025041
0000000003270,00058.049808
0000000003271,00058.076829
0000000003272,00058.102119
0000000003273,00058.125512
0000000003274,00058.148567
0000000003275,00058.154686
0000000003276,00058.164089
0000000003277,00058.179122
0000000003278,00058.199064
0000000003279,00058.214047
0000000003280,00058.229115
0000000003281,00058.244618
0000000003282,00058.259172
0000000003283,00058.274102
0000000003284,00058.289059
0000000003285,00058.304122
0000000003286,00058.324066
0000000003287,00058.339173
0000000003288,00058.354095
0000000003289,00058.369149
0000000003290,00058.384053
0000000003291,00058.399270
0000000003292,00058.414131
0000000003293,00058.429038
0000000003294,00058.444138
0000000003295,00058.464147
0000000003296,00058.479123
0000000003297,00058.494118
0000000003298,00058.509081
0000000003299,00058.524052
0000000003300,00058.539113
0000000003301,00058.554100
0000000003302,00058.569005
0000000003303,00058.589153
0000000003304,00058.604166
0000000003305,00058.619003
0000000003306,00058.635151
0000000003307,00058.650220
0000000003308,00058.665079
0000000003309,00058.680128
0000000003310,00058.695122
0000000003311,00058.710091
0000000003312,00058.725167
0000000003313,00058.745270
0000000003314,00058.760096
0000000003315,00058.775122
0000000003316,00058.790120
0000000003317,00058.805232
0000000003318,00058.820132
0000000003319,00058.835157
0000000003320,00058.850082
0000000003321,00058.870191
0000000003322,00058.885079
0000000003323,00058.900159
0000000003324,00058.915115
0000000003325,00058.930090
0000000003326,00058.945037
0000000003327,00058.960188
0000000003328,00058.975180
0000000003329,00058.990018
0000000003330,00059.010134
0000000003331,00059.025180
0000000003332,00059.040103
0000000003333,00059.055161
0000000003334,00059.070146
0000000003335,00059.085073
0000000003336,00059.100016
0000000003337,00059.115142
0000000003338,00059.135102
0000000003339,00059.150164
0000000003340,00059.165146
0000000003341,00059.180306
0000000003342,00059.195131
0000000003343,00059.210224
0000000003344,00059.225328
0000000003345,00059.240086
0000000003346,00059.260231
0000000003347,00059.275104
0000000003348,00059.290127
0000000003349,00059.305117
0000000003350,00059.320253
0000000003351,00059.335199
0000000003352,00059.350093
0000000003353,00059.365112
0000000003354,00059.380161
0000000003355,00059.400334
0000000003356,00059.415089
0000000003357,00059.430298
0000000003358,00059.445110
0000000003359,00059.460059
0000000003360,00059.475190
0000000003361,00059.490149
0000000003362,00059.505357
0000000003363,00059.525212
0000000003364,00059.540153
0000000003365,00059.556126
0000000003366,00059.571228
0000000003367,00059.586139
0000000003368,00059.601098
0000000003369,00059.616194
0000000003370,00059.631193
0000000003371,00059.646099
0000000003372,00059.661217
0000000003373,00059.681202
0000000003374,00059.696086
0000000003375,00059.711087
0000000003376,00059.726108
0000000003377,00059.741141
0000000003378,00059.756103
0000000003379,00059.771187
0000000003380,00059.786071
0000000003381,00059.806190
0000000003382,00059.821122
0000000003383,00059.836222
0000000003384,00059.851152
0000000003385,00059.866152
0000000003386,00059.881104
0000000003387,00059.896025
0000000003388,00059.911134
0000000003389,00059.926157
0000000003390,00059.946198
0000000003391,00059.961142
0000000003392,00059.976154
0000000003393,00059.991198
0000000003394,00060.006177
0000000003395,00060.021180
0000000003396,00060.036055
0000000003397,00060.051128
0000000003398,00060.071190
0000000003399,00060.086199
0000000003400,00060.101117
0000000003401,00060.116146
0000000003402,00060.131228
0000000003403,00060.146206
0000000003404,00060.161082
0000000003405,00060.176238
0000000003406,00060.191097
0000000003407,00060.211217
0000000003408,00060.226184
0000000003409,00060.241104
0000000003410,00060.256139
0000000003411,00060.271153
0000000003412,00060.286208
0000000003413,00060.301129
0000000003414,00060.316167
0000000003415,00060.336250
0000000003416,00060.351122
0000000003417,00060.366208
0000000003418,00060.381253
0000000003419,00060.396134
0000000003420,00060.411158
0000000003421,00060.426358
0000000003422,00060.441195
0000000003423,00060.461236
0000000003424,00060.476278
0000000003425,00060.491179
0000000003426,00060.506187
0000000003427,00060.532165
0000000003428,00060.555647
0000000003429,00060.582617
0000000003430,00060.607002
0000000003431,00060.630010
0000000003432,00060.653608
0000000003433,00060.680196
0000000003434,00060.703151
0000000003435,00060.726067
0000000003436,00060.749508
0000000003437,00060.773364
0000000003438,00060.797770
0000000003439,00060.823378
0000000003440,00060.847072
0000000003441,00060.870175
0000000003442,00060.896801
0000000003443,00060.922888
0000000003444,00060.946717
0000000003445,00060.971423
0000000003446,00060.994910
0000000003447,00061.017951
0000000003448,00061.045332
0000000003449,00061.071167
0000000003450,00061.094542
0000000003451,00061.120720
0000000003452,00061.144001
0000000003453,00061.171036
0000000003454,00061.198131
0000000003455,00061.224334
0000000003456,00061.247415
0000000003457,00061.272830
0000000003458,00061.298796
0000000003459,00061.322330
0000000003460,00061.345768
0000000003461,00061.369472
0000000003462,00061.392706
0000000003463,00061.416605
0000000003464,00061.441143
0000000003465,00061.464573
0000000003466,00061.491410
0000000003467,00061.514380
0000000003468,00061.537880
0000000003469,00061.560849
0000000003470,00061.584078
0000000003471,00061.610012
0000000003472,00061.635806
0000000003473,00061.658795
0000000003474,00061.683940
0000000003475,00061.709667
0000000003476,00061.735917
0000000003477,00061.758909
0000000003478,00061.782564
0000000003479,00061.805710
0000000003480,00061.829574
0000000003481,00061.918949
0000000003482,00061.945163
0000000003483,00061.968292
0000000003484,00061.991162
0000000003485,00062.013905
0000000003486,00062.037040
0000000003487,00062.060734
0000000003488,00062.087120
0000000003489,00062.112065
0000000003490,00062.135761
0000000003491,00062.162968
0000000003492,00062.186208
0000000003493,00062.212215
0000000003494,00062.236725
0000000003495,00062.260600
0000000003496,00062.287215
0000000003497,00062.317041
0000000003498,00062.341211
0000000003499,00062.364645
0000000003500,00062.387870
0000000003501,00062.411470
0000000003502,00062.437886
0000000003503,00062.461622
0000000003504,00062.485956
0000000003505,00062.509592
0000000003506,00062.533805
0000000003507,00062.556821
0000000003508,00062.581668
0000000003509,00062.604925
0000000003510,00062.631920
0000000003511,00062.658203
0000000003512,00062.684731
0000000003513,00062.711933
0000000003514,00062.734873
0000000003515,00062.761175
0000000003516,00062.787970
0000000003517,00062.814182
0000000003518,00062.838033
0000000003519,00062.863219
0000000003520,00062.885935
0000000003521,00062.913203
0000000003522,00062.936906
0000000003523,00062.962548
0000000003524,00062.987992
0000000003525,00063.011393
0000000003526,00063.034915
0000000003527,00063.059512
0000000003528,00063.085415
0000000003529,00063.110115
0000000003530,00063.133398
0000000003531,00063.159828
0000000003532,00063.182911
0000000003533,00063.208667
0000000003534,00063.231898
0000000003535,00063.255367
0000000003536,00063.279821
0000000003537,00063.303330
0000000003538,00063.326995
0000000003539,00063.349954
0000000003540,00063.374355
0000000003541,00063.400075
0000000003542,00063.424721
0000000003543,00063.447619
0000000003544,00063.471301
0000000003545,00063.494315
0000000003546,00063.519979
0000000003547,00063.544350
0000000003548,00063.568143
0000000003549,00063.593444
0000000003550,00063.616519
0000000003551,00063.642747
0000000003552,00063.657330
0000000003553,00063.672260
0000000003554,00063.687323
0000000003555,00063.702324
0000000003556,00063.717178
0000000003557,00063.737416
0000000003558,00063.752347
0000000003559,00063.767306
0000000003560,00063.782309
0000000003561,00063.797292
0000000003562,00063.812288
0000000003563,00063.827258
0000000003564,00063.842320
0000000003565,00063.857241
0000000003566,00063.877240
0000000003567,00063.892282
0000000003568,00063.907299
0000000003569,00063.922314
0000000003570,00063.937291
0000000003571,00063.952223
0000000003572,00063.967255
0000000003573,00063.982286
0000000003574,00064.002195
0000000003575,00064.017232
0000000003576,00064.032243
0000000003577,00064.047248
0000000003578,00064.062343
0000000003579,00064.077212
0000000003580,00064.092200
0000000003581,00064.107314
0000000003582,00064.122262
0000000003583,00064.142319
0000000003584,00064.157292
0000000003585,00064.172256
0000000003586,00064.187232
0000000003587,00064.202334
0000000003588,00064.217316
0000000003589,00064.232267
0000000003590,00064.247235
0000000003591,00064.267315
0000000003592,00064.282295
0000000003593,00064.297354
0000000003594,00064.312353
0000000003595,00064.327251
0000000003596,00064.342244
0000000003597,00064.357301
0000000003598,00064.372225
0000000003599,00064.392247
0000000003600,00064.407328
0000000003601,00064.422206
0000000003602,00064.437338
0000000003603,00064.452291
0000000003604,00064.467309
0000000003605,00064.482259
0000000003606,00064.497392
0000000003607,00064.512361
0000000003608,00064.532389
0000000003609,00064.547340
0000000003610,00064.562257
0000000003611,00064.577337
0000000003612,00064.592243
0000000003613,00064.607351
0000000003614,00064.622221
0000000003615,00064.637305
0000000003616,00064.657249
0000000003617,00064.672244
0000000003618,00064.687314
0000000003619,00064.702292
0000000003620,00064.717284
0000000003621,00064.732308
0000000003622,00064.747282
0000000003623,00064.762268
0000000003624,00064.782381
0000000003625,00064.797385
0000000003626,00064.812322
0000000003627,00064.827349
0000000003628,00064.842343
0000000003629,00064.857346
0000000003630,00064.872250
0000000003631,00064.887366
0000000003632,00064.902242
0000000003633,00064.922311
0000000003634,00064.937299
0000000003635,00064.952305
0000000003636,00064.967280
0000000003637,00064.982322
0000000003638,00064.997368
0000000003639,00065.012439
0000000003640,00065.027582
0000000003641,00065.047353
0000000003642,00065.062298
0000000003643,00065.077342
0000000003644,00065.092406
0000000003645,00065.107319
0000000003646,00065.122332
0000000003647,00065.137285
0000000003648,00065.152362
0000000003649,00065.172290
0000000003650,00065.187279
0000000003651,00065.202301
0000000003652,00065.217159
0000000003653,00065.232316
0000000003654,00065.247391
0000000003655,00065.262219
0000000003656,00065.277460
0000000003657,00065.292329
0000000003658,00065.312287
0000000003659,00065.327341
0000000003660,00065.342287
0000000003661,00065.357302
0000000003662,00065.372332
0000000003663,00065.387333
0000000003664,00065.402355
0000000003665,00065.417257
0000000003666,00065.437359
0000000003667,00065.452262
0000000003668,00065.467334
0000000003669,00065.482354
0000000003670,00065.497298
0000000003671,00065.512357
0000000003672,00065.527364
0000000003673,00065.542355
0000000003674,00065.562432
0000000003675,00065.577322
0000000003676,00065.592320
0000000003677,00065.607401
0000000003678,00065.622406
0000000003679,00065.637326
0000000003680,00065.652428
0000000003681,00065.687229
0000000003682,00065.702411
0000000003683,00065.717410
0000000003684,00065.732186
0000000003685,00065.747303
0000000003686,00065.762214
0000000003687,00065.777202
0000000003688,00065.792205
0000000003689,00065.807225
0000000003690,00065.827232
0000000003691,00065.842253
0000000003692,00065.857241
0000000003693,00065.872206
0000000003694,00065.887343
0000000003695,00065.902253
0000000003696,00065.917138
0000000003697,00065.932226
0000000003698,00065.952273
0000000003699,00065.967229
0000000003700,00065.982303
0000000003701,00066.005263
0000000003702,00066.028331
0000000003703,00066.050929
0000000003704,00066.074046
0000000003705,00066.096731
0000000003706,00066.118852
0000000003707,00066.142125
0000000003708,00066.164667
0000000003709,00066.190739
0000000003710,00066.213509
0000000003711,00066.236780
0000000003712,00066.259755
0000000003713,00066.282968
0000000003714,00066.305515
0000000003715,00066.329603
0000000003716,00066.352616
0000000003717,00066.378289
0000000003718,00066.401087
0000000003719,00066.424430
0000000003720,00066.447854
0000000003721,00066.470741
0000000003722,00066.495158
0000000003723,00066.518939
0000000003724,00066.545074
0000000003725,00066.571488
0000000003726,00066.598206
0000000003727,00066.624058
0000000003728,00066.647601
0000000003729,00066.674987
0000000003730,00066.699155
0000000003731,00066.722181
0000000003732,00066.745649
0000000003733,00066.768670
0000000003734,00066.794689
0000000003735,00066.818302
0000000003736,00066.844138
0000000003737,00066.867634
0000000003738,00066.891017
0000000003739,00066.916126
0000000003740,00066.939781
0000000003741,00066.966749
0000000003742,00066.989676
0000000003743,00067.013248
0000000003744,00067.039143
0000000003745,00067.062364
0000000003746,00067.089071
0000000003747,00067.111818
0000000003748,00067.134818
0000000003749,00067.157733
0000000003750,00067.180844
0000000003751,00067.204262
0000000003752,00067.228203
0000000003753,00067.251340
0000000003754,00067.274170
0000000003755,00067.299620
0000000003756,00067.323144
0000000003757,00067.346206
0000000003758,00067.371521
0000000003759,00067.395135
0000000003760,00067.418101
0000000003761,00067.441425
0000000003762,00067.467041
0000000003763,00067.491185
0000000003764,00067.514229
0000000003765,00067.537162
0000000003766,00067.562757
0000000003767,00067.573464
0000000003768,00067.588351
0000000003769,00067.603335
0000000003770,00067.618399
0000000003771,00067.633404
0000000003772,00067.648299
0000000003773,00067.668413
0000000003774,00067.683391
0000000003775,00067.698389
0000000003776,00067.713491
0000000003777,00067.728472
0000000003778,00067.743359
0000000003779,00067.758439
0000000003780,00067.773464
0000000003781,00067.788396
0000000003782,00067.808464
0000000003783,00067.823452
0000000003784,00067.838359
0000000003785,00067.853360
0000000003786,00067.868432
0000000003787,00067.883398
0000000003788,00067.898359
0000000003789,00067.913452
0000000003790,00067.933347
0000000003791,00067.948431
0000000003792,00067.963363
0000000003793,00067.978359
0000000003794,00067.993434
0000000003795,00068.008431
0000000003796,00068.023301
0000000003797,00068.038403
0000000003798,00068.053457
0000000003799,00068.073383
0000000003800,00068.088477
0000000003801,00068.103367
0000000003802,00068.118260
0000000003803,00068.133397
0000000003804,00068.148401
0000000003805,00068.163420
0000000003806,00068.178380
0000000003807,00068.198453
0000000003808,00068.213393
0000000003809,00068.228485
0000000003810,00068.243429
0000000003811,00068.258437
0000000003812,00068.273362
0000000003813,00068.288433
0000000003814,00068.303465
0000000003815,00068.323503
0000000003816,00068.338453
0000000003817,00068.353412
0000000003818,00068.368476
0000000003819,00068.383389
0000000003820,00068.398381
0000000003821,00068.413472
0000000003822,00068.428443
0000000003823,00068.443405
0000000003824,00068.463491
0000000003825,00068.478447
0000000003826,00068.493411
0000000003827,00068.508539
0000000003828,00068.523428
0000000003829,00068.538497
0000000003830,00068.553412
0000000003831,00068.568463
0000000003832,00068.588576
0000000003833,00068.603446
0000000003834,00068.618462
0000000003835,00068.633405
0000000003836,00068.648425
0000000003837,00068.663447
0000000003838,00068.678443
0000000003839,00068.693449
0000000003840,00068.713423
0000000003841,00068.728428
0000000003842,00068.743581
0000000003843,00068.758592
0000000003844,00068.773541
0000000003845,00068.788378
0000000003846,00068.803481
0000000003847,00068.818379
0000000003848,00068.833421
0000000003849,00068.853398
0000000003850,00068.868430
0000000003851,00068.883448
0000000003852,00068.898439
0000000003853,00068.913407
0000000003854,00068.928482
0000000003855,00068.943454
0000000003856,00068.958398
0000000003857,00068.978474
0000000003858,00068.993392
0000000003859,00069.008370
0000000003860,00069.023469
0000000003861,00069.038442
0000000003862,00069.053392
0000000003863,00069.068419
0000000003864,00069.083447
0000000003865,00069.103403
0000000003866,00069.118459
0000000003867,00069.133372
0000000003868,00069.148335
0000000003869,00069.163461
0000000003870,00069.178459
0000000003871,00069.193414
0000000003872,00069.208509
0000000003873,00069.223604
0000000003874,00069.243430
0000000003875,00069.258383
0000000003876,00069.273415
0000000003877,00069.288500
0000000003878,00069.303450
0000000003879,00069.318550
0000000003880,00069.333381
0000000003881,00069.365597
0000000003882,00069.394623
0000000003883,00069.402605
0000000003884,00069.431323
0000000003885,00069.444527
0000000003886,00069.459595
0000000003887,00069.474700
0000000003888,00069.489664
0000000003889,00069.504511
0000000003890,00069.524601
0000000003891,00069.539530
0000000003892,00069.554528
0000000003893,00069.569548
0000000003894,00069.584553
0000000003895,00069.599589
0000000003896,00069.614528
0000000003897,00069.629575
0000000003898,00069.649616
0000000003899,00069.664474
0000000003900,00069.679535
0000000003901,00069.694538
0000000003902,00069.709498
0000000003903,00069.724535
0000000003904,00069.739522
0000000003905,00069.754473
0000000003906,00069.769424
0000000003907,00069.789547
0000000003908,00069.804519
0000000003909,00069.819600
0000000003910,00069.834511
0000000003911,00069.849537
0000000003912,00069.864605
0000000003913,00069.879542
0000000003914,00069.894465
0000000003915,00069.914551
0000000003916,00069.937674
0000000003917,00069.965158
0000000003918,00069.990859
0000000003919,00070.013975
0000000003920,00070.037136
0000000003921,00070.064074
0000000003922,00070.087593
0000000003923,00070.112297
0000000003924,00070.135543
0000000003925,00070.162026
0000000003926,00070.185350
0000000003927,00070.209106
0000000003928,00070.235489
0000000003929,00070.259212
0000000003930,00070.285444
0000000003931,00070.309530
0000000003932,00070.332940
0000000003933,00070.356681
0000000003934,00070.382516
0000000003935,00070.405836
0000000003936,00070.433094
0000000003937,00070.457566
0000000003938,00070.481476
0000000003939,00070.504912
0000000003940,00070.530750
0000000003941,00070.554370
0000000003942,00070.577379
0000000003943,00070.600993
0000000003944,00070.624234
0000000003945,00070.647717
0000000003946,00070.672373
0000000003947,00070.695745
0000000003948,00070.718879
0000000003949,00070.744504
0000000003950,00070.769544
0000000003951,00070.793217
0000000003952,00070.816823
0000000003953,00070.840214
0000000003954,00070.863965
0000000003955,00070.889323
0000000003956,00070.912954
0000000003957,00070.936233
0000000003958,00070.959580
0000000003959,00070.982807
0000000003960,00071.006679
0000000003961,00071.029823
0000000003962,00071.053497
0000000003963,00071.076607
0000000003964,00071.102486
0000000003965,00071.126977
0000000003966,00071.154241
0000000003967,00071.181455
0000000003968,00071.204953
0000000003969,00071.228406
0000000003970,00071.251706
0000000003971,00071.278643
0000000003972,00071.306100
0000000003973,00071.329489
0000000003974,00071.354442
0000000003975,00071.380700
0000000003976,00071.404808
0000000003977,00071.432803
0000000003978,00071.456401
0000000003979,00071.479741
0000000003980,00071.502958
0000000003981,00071.526840
0000000003982,00071.550922
0000000003983,00071.577609
0000000003984,00071.601208
0000000003985,00071.631880
0000000003986,00071.654961
0000000003987,00071.678463
0000000003988,00071.701528
0000000003989,00071.727446
0000000003990,00071.750663
0000000003991,00071.773814
0000000003992,00071.801119
0000000003993,00071.824156
0000000003994,00071.848105
0000000003995,00071.871042
0000000003996,00071.897415
0000000003997,00071.920385
0000000003998,00071.945450
0000000003999,00071.968545
0000000004000,00071.992255
0000000004001,00072.016794
0000000004002,00072.040380
0000000004003,00072.066485
0000000004004,00072.089592
0000000004005,00072.113750
0000000004006,00072.138650
0000000004007,00072.162487
0000000004008,00072.186503
0000000004009,00072.210086
0000000004010,00072.233182
0000000004011,00072.260562
0000000004012,00072.286483
0000000004013,00072.310632
0000000004014,00072.333916
0000000004015,00072.356856
0000000004016,00072.380790
0000000004017,00072.405819
0000000004018,00072.429846
0000000004019,00072.455504
0000000004020,00072.478832
0000000004021,00072.502636
0000000004022,00072.525791
0000000004023,00072.549655
0000000004024,00072.572993
0000000004025,00072.596301
0000000004026,00072.619734
0000000004027,00072.643804
0000000004028,00072.670164
0000000004029,00072.694048
0000000004030,00072.717179
0000000004031,00072.744429
0000000004032,00072.768230
0000000004033,00072.791556
0000000004034,00072.815103
0000000004035,00072.838587
0000000004036,00072.861802
0000000004037,00072.885521
0000000004038,00072.909101
0000000004039,00072.934536
0000000004040,00072.960292
0000000004041,00072.983590
0000000004042,00073.009445
0000000004043,00073.033553
0000000004044,00073.047707
0000000004045,00073.062577
0000000004046,00073.078634
0000000004047,00073.093677
0000000004048,00073.108642
0000000004049,00073.123612
0000000004050,00073.143668
0000000004051,00073.158693
0000000004052,00073.173594
0000000004053,00073.188693
0000000004054,00073.203731
0000000004055,00073.218631
0000000004056,00073.233696
0000000004057,00073.248629
0000000004058,00073.268768
0000000004059,00073.283804
0000000004060,00073.298629
0000000004061,00073.313609
0000000004062,00073.328679
0000000004063,00073.343671
0000000004064,00073.358858
0000000004065,00073.373717
0000000004066,00073.388679
0000000004067,00073.408729
0000000004068,00073.424021
0000000004069,00073.438659
0000000004070,00073.453742
0000000004071,00073.468722
0000000004072,00073.483687
0000000004073,00073.498736
0000000004074,00073.513742
0000000004075,00073.533832
0000000004076,00073.548622
0000000004077,00073.563683
0000000004078,00073.578705
0000000004079,00073.593581
0000000004080,00073.608695
0000000004081,00073.624346
0000000004082,00073.638718
0000000004083,00073.658752
0000000004084,00073.673633
0000000004085,00073.688619
0000000004086,00073.703655
0000000004087,00073.718675
0000000004088,00073.733644
0000000004089,00073.748732
0000000004090,00073.763667
0000000004091,00073.778740
0000000004092,00073.798718
0000000004093,00073.813634
0000000004094,00073.828645
0000000004095,00073.843722
0000000004096,00073.858776
0000000004097,00073.873646
0000000004098,00073.888798
0000000004099,00073.903714
0000000004100,00073.923675
0000000004101,00073.938665
0000000004102,00073.953683
0000000004103,00073.968604
0000000004104,00073.983701
0000000004105,00073.998685
0000000004106,00074.013628
0000000004107,00074.028876
0000000004108,00074.048724
0000000004109,00074.063654
0000000004110,00074.078801
0000000004111,00074.093760
0000000004112,00074.108592
0000000004113,00074.123889
0000000004114,00074.138785
0000000004115,00074.153669
0000000004116,00074.168759
0000000004117,00074.188692
0000000004118,00074.203640
0000000004119,00074.218657
0000000004120,00074.233695
0000000004121,00074.248685
0000000004122,00074.263656
0000000004123,00074.278818
0000000004124,00074.293681
0000000004125,00074.313700
0000000004126,00074.328716
0000000004127,00074.343737
0000000004128,00074.358792
0000000004129,00074.373777
0000000004130,00074.388854
0000000004131,00074.403722
0000000004132,00074.418683
0000000004133,00074.438794
0000000004134,00074.453711
0000000004135,00074.468703
0000000004136,00074.483672
0000000004137,00074.498728
0000000004138,00074.513698
0000000004139,00074.528650
0000000004140,00074.543698
0000000004141,00074.558637
0000000004142,00074.578733
0000000004143,00074.593805
0000000004144,00074.608828
0000000004145,00074.623674
0000000004146,00074.638729
0000000004147,00074.653725
0000000004148,00074.668652
0000000004149,00074.683633
0000000004150,00074.703738
0000000004151,00074.718677
0000000004152,00074.733713
0000000004153,00074.748728
0000000004154,00074.763645
0000000004155,00074.778808
0000000004156,00074.793749
0000000004157,00074.808630
0000000004158,00074.828729
0000000004159,00074.843726
0000000004160,00074.858704
0000000004161,00074.873669
0000000004162,00074.888775
0000000004163,00074.903800
0000000004164,00074.918774
0000000004165,00074.933679
0000000004166,00074.948769
0000000004167,00074.968791
0000000004168,00074.983672
0000000004169,00074.998692
0000000004170,00075.013689
0000000004171,00075.028713
0000000004172,00075.043648
0000000004173,00075.058723
0000000004174,00075.073769
0000000004175,00075.093699
0000000004176,00075.108708
0000000004177,00075.123680
0000000004178,00075.138732
0000000004179,00075.153747
0000000004180,00075.168738
0000000004181,00075.183981
0000000004182,00075.198676
0000000004183,00075.218732
0000000004184,00075.233775
0000000004185,00075.248736
0000000004186,00075.264051
0000000004187,00075.278698
0000000004188,00075.293902
0000000004189,00075.308791
0000000004190,00075.323893
0000000004191,00075.338696
0000000004192,00075.359077
0000000004193,00075.373677
0000000004194,00075.400265
0000000004195,00075.424207
0000000004196,00075.448625
0000000004197,00075.471638
0000000004198,00075.495718
0000000004199,00075.519460
0000000004200,00075.543085
0000000004201,00075.566251
0000000004202,00075.592009
0000000004203,00075.615006
0000000004204,00075.641411
0000000004205,00075.664494
0000000004206,00075.688166
0000000004207,00075.711333
0000000004208,00075.734809
0000000004209,00075.757952
0000000004210,00075.781462
0000000004211,00075.806109
0000000004212,00075.829431
0000000004213,00075.855201
0000000004214,00075.878109
0000000004215,00075.902546
0000000004216,00075.926067
0000000004217,00075.949791
0000000004218,00075.972595
0000000004219,00075.998886
0000000004220,00076.023804
0000000004221,00076.047449
0000000004222,00076.073826
0000000004223,00076.099376
0000000004224,00076.125495
0000000004225,00076.148836
0000000004226,00076.172133
0000000004227,00076.199204
0000000004228,00076.222124
0000000004229,00076.249385
0000000004230,00076.272592
0000000004231,00076.298574
0000000004232,00076.321820
0000000004233,00076.345437
0000000004234,00076.369492
0000000004235,00076.392943
0000000004236,00076.415847
0000000004237,00076.440388
0000000004238,00076.464663
0000000004239,00076.490783
0000000004240,00076.517789
0000000004241,00076.544859
0000000004242,00076.570093
0000000004243,00076.593646
0000000004244,00076.619123
0000000004245,00076.643400
0000000004246,00076.666995
0000000004247,00076.690233
0000000004248,00076.713369
0000000004249,00076.736932
0000000004250,00076.763990
0000000004251,00076.788527
0000000004252,00076.812129
0000000004253,00076.835325
0000000004254,00076.858955
0000000004255,00076.883520
0000000004256,00076.907018
0000000004257,00076.930987
0000000004258,00076.945715
0000000004259,00076.962763
0000000004260,00076.977789
0000000004261,00076.992843
0000000004262,00077.007762
0000000004263,00077.027818
0000000004264,00077.042793
0000000004265,00077.057886
0000000004266,00077.072787
0000000004267,00077.087828
0000000004268,00077.102752
0000000004269,00077.117839
0000000004270,00077.132845
0000000004271,00077.152759
0000000004272,00077.167904
0000000004273,00077.182832
0000000004274,00077.197757
0000000004275,00077.212846
0000000004276,00077.228048
0000000004277,00077.242924
0000000004278,00077.257899
0000000004279,00077.278057
0000000004280,00077.292741
0000000004281,00077.355692
0000000004282,00077.379938
0000000004283,00077.387427
0000000004284,00077.397696
0000000004285,00077.417919
0000000004286,00077.432677
0000000004287,00077.447718
0000000004288,00077.462746
0000000004289,00077.477797
0000000004290,00077.492753
0000000004291,00077.507684
0000000004292,00077.522934
0000000004293,00077.542855
0000000004294,00077.557665
0000000004295,00077.572722
0000000004296,00077.587741
0000000004297,00077.602798
0000000004298,00077.617734
0000000004299,00077.632767
0000000004300,00077.647766
0000000004301,00077.667752
0000000004302,00077.682758
0000000004303,00077.697805
0000000004304,00077.712710
0000000004305,00077.727721
0000000004306,00077.742748
0000000004307,00077.757738
0000000004308,00077.772683
0000000004309,00077.787817
0000000004310,00077.807782
0000000004311,00077.822653
0000000004312,00077.837767
0000000004313,00077.852659
0000000004314,00077.867714
0000000004315,00077.882778
0000000004316,00077.897780
0000000004317,00077.912667
0000000004318,00077.932781
0000000004319,00077.947810
0000000004320,00077.962865
0000000004321,00077.977722
0000000004322,00077.992686
0000000004323,00078.007808
0000000004324,00078.023010
0000000004325,00078.037710
0000000004326,00078.057710
0000000004327,00078.072905
0000000004328,00078.087823
0000000004329,00078.103825
0000000004330,00078.118890
0000000004331,00078.133763
0000000004332,00078.148784
0000000004333,00078.163731
0000000004334,00078.178706
0000000004335,00078.193861
0000000004336,00078.213822
0000000004337,00078.228680
0000000004338,00078.243749
0000000004339,00078.258725
0000000004340,00078.273774
0000000004341,00078.288814
0000000004342,00078.303841
0000000004343,00078.318777
0000000004344,00078.333660
0000000004345,00078.353777
0000000004346,00078.368731
0000000004347,00078.383835
0000000004348,00078.398750
0000000004349,00078.413743
0000000004350,00078.428841
0000000004351,00078.443790
0000000004352,00078.458771
0000000004353,00078.478764
0000000004354,00078.493777
0000000004355,00078.508757
0000000004356,00078.523780
0000000004357,00078.538742
0000000004358,00078.553750
0000000004359,00078.568792
0000000004360,00078.583812
0000000004361,00078.603792
0000000004362,00078.618818
0000000004363,00078.633778
0000000004364,00078.648765
0000000004365,00078.663774
0000000004366,00078.678893
0000000004367,00078.693741
0000000004368,00078.708864
0000000004369,00078.723832
0000000004370,00078.743797
0000000004371,00078.758747
0000000004372,00078.773798
0000000004373,00078.788793
0000000004374,00078.803780
0000000004375,00078.818815
0000000004376,00078.833800
0000000004377,00078.848614
0000000004378,00078.868750
0000000004379,00078.883702
0000000004380,00078.898784
0000000004381,00078.913834
0000000004382,00078.928818
0000000004383,00078.943867
0000000004384,00078.958770
0000000004385,00078.973797
0000000004386,00078.993858
0000000004387,00079.008824
0000000004388,00079.023787
0000000004389,00079.038882
0000000004390,00079.053762
0000000004391,00079.068725
0000000004392,00079.083803
0000000004393,00079.098827
0000000004394,00079.113781
0000000004395,00079.133815
0000000004396,00079.148725
0000000004397,00079.163712
0000000004398,00079.178866
0000000004399,00079.193734
0000000004400,00079.208912
0000000004401,00079.223905
0000000004402,00079.238854
0000000004403,00079.258828
0000000004404,00079.273810
0000000004405,00079.288859
0000000004406,00079.303809
0000000004407,00079.318797
0000000004408,00079.333827
0000000004409,00079.348725
0000000004410,00079.363782
0000000004411,00079.383892
0000000004412,00079.398796
0000000004413,00079.413797
0000000004414,00079.428797
0000000004415,00079.443766
0000000004416,00079.458861
0000000004417,00079.473755
0000000004418,00079.488874
0000000004419,00079.503849
0000000004420,00079.519874
0000000004421,00079.539828
0000000004422,00079.554778
0000000004423,00079.569834
0000000004424,00079.584892
0000000004425,00079.599864
0000000004426,00079.614894
0000000004427,00079.629806
0000000004428,00079.644826
0000000004429,00079.659883
0000000004430,00079.679831
0000000004431,00079.694844
0000000004432,00079.709822
0000000004433,00079.724740
0000000004434,00079.739772
0000000004435,00079.754755
0000000004436,00079.769801
0000000004437,00079.784720
0000000004438,00079.800892
0000000004439,00079.815827
0000000004440,00079.835802
0000000004441,00079.850943
0000000004442,00079.865832
0000000004443,00079.880793
0000000004444,00079.895875
0000000004445,00079.910768
0000000004446,00079.925817
0000000004447,00079.940866
0000000004448,00079.960749
0000000004449,00079.975780
0000000004450,00079.990787
0000000004451,00080.005817
0000000004452,00080.020859
0000000004453,00080.035775
0000000004454,00080.050869
0000000004455,00080.065747
0000000004456,00080.080817
0000000004457,00080.100837
0000000004458,00080.115803
0000000004459,00080.130861
0000000004460,00080.145778
0000000004461,00080.160954
0000000004462,00080.175784
0000000004463,00080.190818
0000000004464,00080.205894
0000000004465,00080.225902
0000000004466,00080.240820
0000000004467,00080.255881
0000000004468,00080.270845
0000000004469,00080.285833
0000000004470,00080.300889
0000000004471,00080.315868
0000000004472,00080.330799
0000000004473,00080.350858
0000000004474,00080.365838
0000000004475,00080.380850
0000000004476,00080.395880
0000000004477,00080.410904
0000000004478,00080.425859
0000000004479,00080.440885
0000000004480,00080.455830
0000000004481,00080.490183
0000000004482,00080.497210
0000000004483,00080.505910
0000000004484,00080.520825
0000000004485,00080.535831
0000000004486,00080.550822
0000000004487,00080.565769
0000000004488,00080.580722
0000000004489,00080.595938
0000000004490,00080.615765
0000000004491,00080.630863
0000000004492,00080.645780
0000000004493,00080.660779
0000000004494,00080.675865
0000000004495,00080.690839
0000000004496,00080.705803
0000000004497,00080.720951
0000000004498,00080.740813
0000000004499,00080.755775
0000000004500,00080.770938
0000000004501,00080.785788
0000000004502,00080.800818
0000000004503,00080.815900
0000000004504,00080.830868
0000000004505,00080.845788
0000000004506,00080.860816
0000000004507,00080.880846
0000000004508,00080.895804
0000000004509,00080.910787
0000000004510,00080.925885
0000000004511,00080.940738
0000000004512,00080.955893
0000000004513,00080.970811
0000000004514,00080.985708
0000000004515,00081.005769
0000000004516,00081.020776
0000000004517,00081.035803
0000000004518,00081.050839
0000000004519,00081.065759
0000000004520,00081.080791
0000000004521,00081.095804
0000000004522,00081.110786
0000000004523,00081.130747
0000000004524,00081.145787
0000000004525,00081.160749
0000000004526,00081.175724
0000000004527,00081.191712
0000000004528,00081.205947
0000000004529,00081.220859
0000000004530,00081.235836
0000000004531,00081.250952
0000000004532,00081.270889
0000000004533,00081.285893
0000000004534,00081.300767
0000000004535,00081.316013
0000000004536,00081.330901
0000000004537,00081.345830
0000000004538,00081.360871
0000000004539,00081.375887
0000000004540,00081.395859
0000000004541,00081.410857
0000000004542,00081.425808
0000000004543,00081.440866
0000000004544,00081.455894
0000000004545,00081.470940
0000000004546,00081.485837
0000000004547,00081.500845
0000000004548,00081.520900
0000000004549,00081.535931
0000000004550,00081.550907
0000000004551,00081.566909
0000000004552,00081.581887
0000000004553,00081.596912
0000000004554,00081.611862
0000000004555,00081.626925
0000000004556,00081.641968
0000000004557,00081.656907
0000000004558,00081.676860
0000000004559,00081.691948
