0000000000739,00011.515943
0000000000740,00011.531120
0000000000741,00011.551167
0000000000742,00011.565893
0000000000743,00011.581128
0000000000744,00011.596030
0000000000745,00011.611103
0000000000746,00011.626038
0000000000747,00011.641020
0000000000748,00011.655978
0000000000749,00011.671150
0000000000750,00011.691059
0000000000751,00011.706147
0000000000752,00011.721242
0000000000753,00011.736037
0000000000754,00011.751256
0000000000755,00011.766060
0000000000756,00011.781014
0000000000757,00011.796000
0000000000758,00011.816260
0000000000759,00011.831032
0000000000760,00011.845971
0000000000761,00011.861401
0000000000762,00011.876034
0000000000763,00011.890980
0000000000764,00011.906033
0000000000765,00011.921103
0000000000766,00011.941056
0000000000767,00011.956285
0000000000768,00011.971186
0000000000769,00011.985999
0000000000770,00012.001142
0000000000771,00012.016013
0000000000772,00012.030990
0000000000773,00012.046132
0000000000774,00012.061116
0000000000775,00012.080988
0000000000776,00012.096140
0000000000777,00012.111046
0000000000778,00012.126294
0000000000779,00012.141036
0000000000780,00012.156010
0000000000781,00012.170991
0000000000782,00012.186166
0000000000783,00012.206255
0000000000784,00012.221024
0000000000785,00012.236040
0000000000786,00012.251035
0000000000787,00012.266022
0000000000788,00012.281109
0000000000789,00012.296026
0000000000790,00012.310933
0000000000791,00012.331063
0000000000792,00012.345982
0000000000793,00012.360960
0000000000794,00012.376086
0000000000795,00012.391065
0000000000796,00012.405992
0000000000797,00012.421040
0000000000798,00012.436010
0000000000799,00012.451016
0000000000800,00012.471092
0000000000801,00012.486041
0000000000802,00012.500991
0000000000803,00012.516206
0000000000804,00012.531243
0000000000805,00012.546023
0000000000806,00012.561078
0000000000807,00012.576141
0000000000808,00012.596219
0000000000809,00012.611075
0000000000810,00012.626304
0000000000811,00012.641340
0000000000812,00012.656091
0000000000813,00012.671310
0000000000814,00012.686100
0000000000815,00012.701079
0000000000816,00012.716042
0000000000817,00012.736305
0000000000818,00012.751011
0000000000819,00012.766032
0000000000820,00012.780958
0000000000821,00012.796090
0000000000822,00012.811079
0000000000823,00012.825969
0000000000824,00012.841214
0000000000825,00012.861068
0000000000826,00012.876000
0000000000827,00012.891110
0000000000828,00012.905990
0000000000829,00012.921021
0000000000830,00012.936151
0000000000831,00012.951073
0000000000832,00012.967107
0000000000833,00012.982103
0000000000834,00012.997084
0000000000835,00013.017074
0000000000836,00013.032056
0000000000837,00013.047091
0000000000838,00013.062049
0000000000839,00013.077088
0000000000840,00013.092045
0000000000841,00013.107056
0000000000842,00013.122018
0000000000843,00013.142089
0000000000844,00013.157094
0000000000845,00013.172083
0000000000846,00013.187163
0000000000847,00013.202092
0000000000848,00013.217112
0000000000849,00013.232067
0000000000850,00013.247062
0000000000851,00013.262033
0000000000852,00013.282066
0000000000853,00013.297009
0000000000854,00013.312184
0000000000855,00013.327114
0000000000856,00013.342105
0000000000857,00013.357125
0000000000858,00013.372083
0000000000859,00013.387040
0000000000860,00013.407074
0000000000861,00013.422198
0000000000862,00013.437041
0000000000863,00013.452080
0000000000864,00013.467054
0000000000865,00013.482091
0000000000866,00013.497068
0000000000867,00013.512045
0000000000868,00013.531992
0000000000869,00013.547084
0000000000870,00013.562087
0000000000871,00013.577044
0000000000872,00013.592171
0000000000873,00013.607247
0000000000874,00013.622117
0000000000875,00013.637357
0000000000876,00013.652072
0000000000877,00013.672101
0000000000878,00013.687119
0000000000879,00013.702070
0000000000880,00013.717021
0000000000881,00013.732103
0000000000882,00013.747101
0000000000883,00013.762048
0000000000884,00013.777118
0000000000885,00013.797103
0000000000886,00013.808310
0000000000887,00013.828141
0000000000888,00013.843030
0000000000889,00013.858028
0000000000890,00013.873101
0000000000891,00013.888071
0000000000892,00013.903011
0000000000893,00013.918035
0000000000894,00013.933092
0000000000895,00013.953110
0000000000896,00013.968095
0000000000897,00013.983081
0000000000898,00013.998068
0000000000899,00014.013103
0000000000900,00014.028094
0000000000901,00014.043000
0000000000902,00014.058075
0000000000903,00014.078097
0000000000904,00014.093038
0000000000905,00014.108114
0000000000906,00014.123065
0000000000907,00014.138011
0000000000908,00014.153108
0000000000909,00014.168267
0000000000910,00014.183088
0000000000911,00014.198162
0000000000912,00014.218228
0000000000913,00014.233090
0000000000914,00014.248190
0000000000915,00014.263096
0000000000916,00014.278344
0000000000917,00014.293103
0000000000918,00014.308201
0000000000919,00014.323069
0000000000920,00014.343117
0000000000921,00014.358216
0000000000922,00014.373089
0000000000923,00014.388140
0000000000924,00014.403136
0000000000925,00014.418295
0000000000926,00014.433075
0000000000927,00014.448154
0000000000928,00014.468159
0000000000929,00014.483323
0000000000930,00014.498108
0000000000931,00014.513059
0000000000932,00014.528175
0000000000933,00014.543102
0000000000934,00014.558060
0000000000935,00014.573277
0000000000936,00014.588108
0000000000937,00014.608202
0000000000938,00014.623323
0000000000939,00014.638083
0000000000940,00014.653151
0000000000941,00014.668131
0000000000942,00014.683108
0000000000943,00014.698084
0000000000944,00014.713169
0000000000945,00014.733151
0000000000946,00014.748059
0000000000947,00014.763091
0000000000948,00014.778151
0000000000949,00014.793061
0000000000950,00014.808144
0000000000951,00014.823162
0000000000952,00014.838094
0000000000953,00014.858161
0000000000954,00014.873133
0000000000955,00014.888086
0000000000956,00014.903231
0000000000957,00014.918092
0000000000958,00014.933081
0000000000959,00014.948103
0000000000960,00014.963079
0000000000961,00014.978112
0000000000962,00014.998173
0000000000963,00015.013076
0000000000964,00015.028188
0000000000965,00015.043129
0000000000966,00015.058151
0000000000967,00015.073065
0000000000968,00015.088214
0000000000969,00015.103161
0000000000970,00015.123096
0000000000971,00015.138185
0000000000972,00015.153147
0000000000973,00015.168100
0000000000974,00015.183144
0000000000975,00015.198154
0000000000976,00015.213104
0000000000977,00015.228146
0000000000978,00015.248202
0000000000979,00015.263098
0000000000980,00015.278142
0000000000981,00015.293150
0000000000982,00015.308106
0000000000983,00015.323125
0000000000984,00015.338167
0000000000985,00015.353127
0000000000986,00015.368181
0000000000987,00015.388143
0000000000988,00015.403086
0000000000989,00015.418166
0000000000990,00015.433125
0000000000991,00015.448134
0000000000992,00015.463170
0000000000993,00015.478146
0000000000994,00015.493120
0000000000995,00015.513159
0000000000996,00015.528153
0000000000997,00015.543030
0000000000998,00015.558178
0000000000999,00015.573222
0000000001000,00015.588135
0000000001001,00015.603150
0000000001002,00015.618192
0000000001003,00015.638236
0000000001004,00015.653204
0000000001005,00015.668231
0000000001006,00015.683198
0000000001007,00015.698262
0000000001008,00015.713235
0000000001009,00015.728103
0000000001010,00015.743129
0000000001011,00015.758157
0000000001012,00015.778111
0000000001013,00015.793143
0000000001014,00015.808159
0000000001015,00015.823084
0000000001016,00015.838158
0000000001017,00015.853215
0000000001018,00015.868136
0000000001019,00015.883215
0000000001020,00015.903214
0000000001021,00015.918132
0000000001022,00015.933225
0000000001023,00015.948161
0000000001024,00015.963136
0000000001025,00015.978178
0000000001026,00015.993194
0000000001027,00016.008096
0000000001028,00016.028180
0000000001029,00016.043172
0000000001030,00016.058111
0000000001031,00016.073206
0000000001032,00016.088230
0000000001033,00016.103122
0000000001034,00016.118198
0000000001035,00016.133156
0000000001036,00016.148207
0000000001037,00016.168371
0000000001038,00016.183219
0000000001039,00016.198256
0000000001040,00016.213195
0000000001041,00016.228173
0000000001042,00016.243347
0000000001043,00016.258482
0000000001044,00016.273279
0000000001045,00016.293222
0000000001046,00016.308285
0000000001047,00016.323227
0000000001048,00016.338165
0000000001049,00016.353262
0000000001050,00016.368199
0000000001051,00016.383134
0000000001052,00016.398265
0000000001053,00016.418162
0000000001054,00016.433140
0000000001055,00016.448201
0000000001056,00016.463184
0000000001057,00016.478171
0000000001058,00016.493212
0000000001059,00016.508150
0000000001060,00016.523234
0000000001061,00016.538285
0000000001062,00016.558187
0000000001063,00016.573128
0000000001064,00016.588258
0000000001065,00016.603161
0000000001066,00016.618187
0000000001067,00016.633194
0000000001068,00016.648234
0000000001069,00016.663349
0000000001070,00016.683203
0000000001071,00016.698186
0000000001072,00016.713170
0000000001073,00016.728227
0000000001074,00016.743178
0000000001075,00016.758160
0000000001076,00016.773178
0000000001077,00016.788202
0000000001078,00016.803151
0000000001079,00016.823285
0000000001080,00016.838203
0000000001081,00016.853200
0000000001082,00016.868228
0000000001083,00016.883179
0000000001084,00016.898058
0000000001085,00016.913205
0000000001086,00016.928215
0000000001087,00016.948145
0000000001088,00016.963223
0000000001089,00016.978198
0000000001090,00016.993150
0000000001091,00017.008190
0000000001092,00017.023317
0000000001093,00017.038307
0000000001094,00017.053229
0000000001095,00017.073465
0000000001096,00017.088194
0000000001097,00017.103210
0000000001098,00017.118264
0000000001099,00017.133176
0000000001100,00017.148308
0000000001101,00017.163241
0000000001102,00017.178227
0000000001103,00017.193244
0000000001104,00017.213512
0000000001105,00017.228181
0000000001106,00017.243321
0000000001107,00017.258189
0000000001108,00017.273175
0000000001109,00017.288253
0000000001110,00017.303203
0000000001111,00017.318191
0000000001112,00017.338480
0000000001113,00017.353251
0000000001114,00017.368297
0000000001115,00017.383262
0000000001116,00017.398460
0000000001117,00017.413196
0000000001118,00017.428234
0000000001119,00017.443208
0000000001120,00017.463343
0000000001121,00017.478212
0000000001122,00017.493224
0000000001123,00017.508319
0000000001124,00017.523258
0000000001125,00017.538222
0000000001126,00017.553143
0000000001127,00017.568342
0000000001128,00017.583305
0000000001129,00017.603530
0000000001130,00017.618298
0000000001131,00017.633151
0000000001132,00017.648157
0000000001133,00017.663472
0000000001134,00017.678242
0000000001135,00017.693184
0000000001136,00017.708413
0000000001137,00017.728255
0000000001138,00017.743190
0000000001139,00017.797097
0000000001140,00017.824611
0000000001141,00017.832188
0000000001142,00017.838935
0000000001143,00017.852282
0000000001144,00017.867366
0000000001145,00017.882279
0000000001146,00017.897312
0000000001147,00017.912212
0000000001148,00017.927318
0000000001149,00017.942308
0000000001150,00017.962419
0000000001151,00017.977361
0000000001152,00017.992643
0000000001153,00018.007237
0000000001154,00018.022605
0000000001155,00018.037448
0000000001156,00018.052224
0000000001157,00018.067273
0000000001158,00018.087373
0000000001159,00018.102529
0000000001160,00018.117282
0000000001161,00018.132366
0000000001162,00018.147294
0000000001163,00018.162530
0000000001164,00018.192183
0000000001165,00018.215118
0000000001166,00018.238736
0000000001167,00018.261785
0000000001168,00018.285069
0000000001169,00018.308233
0000000001170,00018.332119
0000000001171,00018.355120
0000000001172,00018.378300
0000000001173,00018.403789
0000000001174,00018.428013
0000000001175,00018.450938
0000000001176,00018.476847
0000000001177,00018.500048
0000000001178,00018.523631
0000000001179,00018.546539
0000000001180,00018.570198
0000000001181,00018.593238
0000000001182,00018.616604
0000000001183,00018.639647
0000000001184,00018.663606
0000000001185,00018.687309
0000000001186,00018.711842
0000000001187,00018.734811
0000000001188,00018.758531
0000000001189,00018.781609
0000000001190,00018.807580
0000000001191,00018.831846
0000000001192,00018.857738
0000000001193,00018.881558
0000000001194,00018.904445
0000000001195,00018.928664
0000000001196,00018.952235
0000000001197,00018.975853
0000000001198,00018.998897
0000000001199,00019.024576
0000000001200,00019.049140
0000000001201,00019.072562
0000000001202,00019.096354
0000000001203,00019.119985
0000000001204,00019.143309
0000000001205,00019.166485
0000000001206,00019.191530
0000000001207,00019.215283
0000000001208,00019.240496
0000000001209,00019.265662
0000000001210,00019.288974
0000000001211,00019.312396
0000000001212,00019.338084
0000000001213,00019.363658
0000000001214,00019.386530
0000000001215,00019.413209
0000000001216,00019.438291
0000000001217,00019.461967
0000000001218,00019.484855
0000000001219,00019.511064
0000000001220,00019.534905
0000000001221,00019.560577
0000000001222,00019.590246
0000000001223,00019.614301
0000000001224,00019.637264
0000000001225,00019.664201
0000000001226,00019.687353
0000000001227,00019.713411
0000000001228,00019.736594
0000000001229,00019.761845
0000000001230,00019.786370
0000000001231,00019.810808
0000000001232,00019.834505
0000000001233,00019.860267
0000000001234,00019.887395
0000000001235,00019.911247
0000000001236,00019.936313
0000000001237,00019.959547
0000000001238,00019.982495
0000000001239,00020.008215
0000000001240,00020.031864
0000000001241,00020.055097
0000000001242,00020.078756
0000000001243,00020.103209
0000000001244,00020.126971
0000000001245,00020.150616
0000000001246,00020.175611
0000000001247,00020.198858
0000000001248,00020.221633
0000000001249,00020.245205
0000000001250,00020.269140
0000000001251,00020.292466
0000000001252,00020.315508
0000000001253,00020.338779
0000000001254,00020.361566
0000000001255,00020.385200
0000000001256,00020.409848
0000000001257,00020.432826
0000000001258,00020.456109
0000000001259,00020.481031
0000000001260,00020.505264
0000000001261,00020.530396
0000000001262,00020.553664
0000000001263,00020.576925
0000000001264,00020.600245
0000000001265,00020.623037
0000000001266,00020.646673
0000000001267,00020.669761
0000000001268,00020.693306
0000000001269,00020.716317
0000000001270,00020.743138
0000000001271,00020.767718
0000000001272,00020.790939
0000000001273,00020.817184
0000000001274,00020.839999
0000000001275,00020.863573
0000000001276,00020.888546
0000000001277,00020.912490
0000000001278,00020.935621
0000000001279,00020.959995
0000000001280,00020.982918
0000000001281,00021.007299
0000000001282,00021.030019
0000000001283,00021.053604
0000000001284,00021.078978
0000000001285,00021.102096
0000000001286,00021.125435
0000000001287,00021.148643
0000000001288,00021.171557
0000000001289,00021.195261
0000000001290,00021.218122
0000000001291,00021.244737
0000000001292,00021.267718
0000000001293,00021.291179
0000000001294,00021.314852
0000000001295,00021.329378
0000000001296,00021.344307
0000000001297,00021.359460
0000000001298,00021.374377
0000000001299,00021.394323
0000000001300,00021.409445
0000000001301,00021.424355
0000000001302,00021.439333
0000000001303,00021.454414
0000000001304,00021.469369
0000000001305,00021.484354
0000000001306,00021.499357
0000000001307,00021.514392
0000000001308,00021.534365
0000000001309,00021.549429
0000000001310,00021.564412
0000000001311,00021.579362
0000000001312,00021.594424
0000000001313,00021.609359
0000000001314,00021.624322
0000000001315,00021.639341
0000000001316,00021.659494
0000000001317,00021.674287
0000000001318,00021.689408
0000000001319,00021.704493
0000000001320,00021.719353
0000000001321,00021.734429
0000000001322,00021.749443
0000000001323,00021.764339
0000000001324,00021.784447
0000000001325,00021.799371
0000000001326,00021.814360
0000000001327,00021.829459
0000000001328,00021.844501
0000000001329,00021.859392
0000000001330,00021.874504
0000000001331,00021.889508
0000000001332,00021.905343
0000000001333,00021.920414
0000000001334,00021.940445
0000000001335,00021.955487
0000000001336,00021.970421
0000000001337,00021.985482
0000000001338,00022.000451
0000000001339,00022.035572
0000000001340,00022.048043
0000000001341,00022.062517
0000000001342,00022.077277
0000000001343,00022.092138
0000000001344,00022.107202
0000000001345,00022.127286
0000000001346,00022.142237
0000000001347,00022.157259
0000000001348,00022.172298
0000000001349,00022.187288
0000000001350,00022.203217
0000000001351,00022.217290
0000000001352,00022.232233
0000000001353,00022.252298
0000000001354,00022.267254
0000000001355,00022.282180
0000000001356,00022.298321
0000000001357,00022.313245
0000000001358,00022.328193
0000000001359,00022.343280
0000000001360,00022.358229
0000000001361,00022.373208
0000000001362,00022.388227
0000000001363,00022.408312
0000000001364,00022.423229
0000000001365,00022.438296
0000000001366,00022.453255
0000000001367,00022.469207
0000000001368,00022.484258
0000000001369,00022.499287
0000000001370,00022.514221
0000000001371,00022.529258
0000000001372,00022.544247
0000000001373,00022.564364
0000000001374,00022.579337
0000000001375,00022.594276
0000000001376,00022.609238
0000000001377,00022.624251
0000000001378,00022.639288
0000000001379,00022.654235
0000000001380,00022.669277
0000000001381,00022.684337
0000000001382,00022.704278
0000000001383,00022.719327
0000000001384,00022.734286
0000000001385,00022.749261
0000000001386,00022.764239
0000000001387,00022.779231
0000000001388,00022.794209
0000000001389,00022.809197
0000000001390,00022.829322
0000000001391,00022.844237
0000000001392,00022.859249
0000000001393,00022.874220
0000000001394,00022.889300
0000000001395,00022.904318
0000000001396,00022.919376
0000000001397,00022.934410
0000000001398,00022.954455
0000000001399,00022.969381
0000000001400,00022.984368
0000000001401,00022.999450
0000000001402,00023.014383
0000000001403,00023.029378
0000000001404,00023.044279
0000000001405,00023.059464
0000000001406,00023.075311
0000000001407,00023.090279
0000000001408,00023.110409
0000000001409,00023.125337
0000000001410,00023.140550
0000000001411,00023.155375
0000000001412,00023.170340
0000000001413,00023.185409
0000000001414,00023.200504
0000000001415,00023.215410
0000000001416,00023.230381
0000000001417,00023.250480
0000000001418,00023.265379
0000000001419,00023.280416
0000000001420,00023.295468
0000000001421,00023.310322
0000000001422,00023.325430
0000000001423,00023.340330
0000000001424,00023.355370
0000000001425,00023.375470
0000000001426,00023.390387
0000000001427,00023.405294
0000000001428,00023.420410
0000000001429,00023.435463
0000000001430,00023.450318
0000000001431,00023.465401
0000000001432,00023.480451
0000000001433,00023.500450
0000000001434,00023.515457
0000000001435,00023.530352
0000000001436,00023.545358
0000000001437,00023.560475
0000000001438,00023.575351
0000000001439,00023.590401
0000000001440,00023.605407
0000000001441,00023.620476
0000000001442,00023.640347
0000000001443,00023.665364
0000000001444,00023.692582
0000000001445,00023.717282
0000000001446,00023.741390
0000000001447,00023.765495
0000000001448,00023.792163
0000000001449,00023.816576
0000000001450,00023.842190
0000000001451,00023.866299
0000000001452,00023.890190
0000000001453,00023.914190
0000000001454,00023.938374
0000000001455,00023.962904
0000000001456,00023.988075
0000000001457,00024.013517
0000000001458,00024.039920
0000000001459,00024.064132
0000000001460,00024.090550
0000000001461,00024.117171
0000000001462,00024.141282
0000000001463,00024.168315
0000000001464,00024.195792
0000000001465,00024.220239
0000000001466,00024.245630
0000000001467,00024.270586
0000000001468,00024.295201
0000000001469,00024.319412
0000000001470,00024.343777
0000000001471,00024.369524
0000000001472,00024.393972
0000000001473,00024.419137
0000000001474,00024.446809
0000000001475,00024.473633
0000000001476,00024.499870
0000000001477,00024.527550
0000000001478,00024.554144
0000000001479,00024.578496
0000000001480,00024.603566
0000000001481,00024.629886
0000000001482,00024.656559
0000000001483,00024.681080
0000000001484,00024.707513
0000000001485,00024.734447
0000000001486,00024.759626
0000000001487,00024.787066
0000000001488,00024.811820
0000000001489,00024.836972
0000000001490,00024.860394
0000000001491,00024.883599
0000000001492,00024.910168
0000000001493,00024.932785
0000000001494,00024.958421
0000000001495,00024.981842
0000000001496,00025.007096
0000000001497,00025.030319
0000000001498,00025.053416
0000000001499,00025.076865
0000000001500,00025.102924
0000000001501,00025.126414
0000000001502,00025.150018
0000000001503,00025.172976
0000000001504,00025.199234
0000000001505,00025.222426
0000000001506,00025.230461
0000000001507,00025.245581
0000000001508,00025.260493
0000000001509,00025.275470
0000000001510,00025.290533
0000000001511,00025.305524
0000000001512,00025.325463
0000000001513,00025.340492
0000000001514,00025.355597
0000000001515,00025.370464
0000000001516,00025.385558
0000000001517,00025.400523
0000000001518,00025.415464
0000000001519,00025.430452
0000000001520,00025.445565
0000000001521,00025.465520
0000000001522,00025.480513
0000000001523,00025.495525
0000000001524,00025.510440
0000000001525,00025.525515
0000000001526,00025.540561
0000000001527,00025.555477
0000000001528,00025.570469
0000000001529,00025.590547
0000000001530,00025.605571
0000000001531,00025.620530
0000000001532,00025.635509
0000000001533,00025.650453
0000000001534,00025.665588
0000000001535,00025.680559
0000000001536,00025.695474
0000000001537,00025.715566
0000000001538,00025.730540
0000000001539,00025.780600
0000000001540,00025.790637
0000000001541,00025.805397
0000000001542,00025.820558
0000000001543,00025.835410
0000000001544,00025.855396
0000000001545,00025.870405
0000000001546,00025.885404
0000000001547,00025.900368
0000000001548,00025.915365
0000000001549,00025.930372
0000000001550,00025.945391
0000000001551,00025.960428
0000000001552,00025.980574
0000000001553,00025.995394
0000000001554,00026.010434
0000000001555,00026.025317
0000000001556,00026.040399
0000000001557,00026.055348
0000000001558,00026.070327
0000000001559,00026.085321
0000000001560,00026.105444
0000000001561,00026.120466
0000000001562,00026.135410
0000000001563,00026.150481
0000000001564,00026.165407
0000000001565,00026.180407
0000000001566,00026.195444
0000000001567,00026.210345
0000000001568,00026.225354
0000000001569,00026.245448
0000000001570,00026.260434
0000000001571,00026.275397
0000000001572,00026.290396
0000000001573,00026.305348
0000000001574,00026.320755
0000000001575,00026.335414
0000000001576,00026.350361
0000000001577,00026.370401
0000000001578,00026.385414
0000000001579,00026.400383
0000000001580,00026.415414
0000000001581,00026.430403
0000000001582,00026.445312
0000000001583,00026.460613
0000000001584,00026.475429
0000000001585,00026.495393
0000000001586,00026.510463
0000000001587,00026.525378
0000000001588,00026.540420
0000000001589,00026.555385
0000000001590,00026.570403
0000000001591,00026.585478
0000000001592,00026.600393
0000000001593,00026.615432
0000000001594,00026.635507
0000000001595,00026.650418
0000000001596,00026.665462
0000000001597,00026.680354
0000000001598,00026.695471
0000000001599,00026.710412
0000000001600,00026.725372
0000000001601,00026.740369
0000000001602,00026.760408
0000000001603,00026.775419
0000000001604,00026.790434
0000000001605,00026.805438
0000000001606,00026.820443
0000000001607,00026.835475
0000000001608,00026.850398
0000000001609,00026.865388
0000000001610,00026.885476
0000000001611,00026.900419
0000000001612,00026.915423
0000000001613,00026.930433
0000000001614,00026.945411
0000000001615,00026.960350
0000000001616,00026.975402
0000000001617,00026.990450
0000000001618,00027.005396
0000000001619,00027.025484
0000000001620,00027.040418
0000000001621,00027.055532
0000000001622,00027.070599
0000000001623,00027.085533
0000000001624,00027.100493
0000000001625,00027.115436
0000000001626,00027.130448
0000000001627,00027.150573
0000000001628,00027.165590
0000000001629,00027.180511
0000000001630,00027.195476
0000000001631,00027.210565
0000000001632,00027.225490
0000000001633,00027.240458
0000000001634,00027.255535
0000000001635,00027.275580
0000000001636,00027.290591
0000000001637,00027.305598
0000000001638,00027.320447
0000000001639,00027.335455
0000000001640,00027.350531
0000000001641,00027.365518
0000000001642,00027.380413
0000000001643,00027.395469
0000000001644,00027.415558
0000000001645,00027.430504
0000000001646,00027.445578
0000000001647,00027.460551
0000000001648,00027.475506
0000000001649,00027.490465
0000000001650,00027.505597
0000000001651,00027.520541
0000000001652,00027.540620
0000000001653,00027.555544
0000000001654,00027.570583
0000000001655,00027.585602
0000000001656,00027.608523
0000000001657,00027.632160
0000000001658,00027.658695
0000000001659,00027.682147
0000000001660,00027.704788
0000000001661,00027.728281
0000000001662,00027.753797
0000000001663,00027.778876
0000000001664,00027.801713
0000000001665,00027.828117
0000000001666,00027.851618
0000000001667,00027.874583
0000000001668,00027.897732
0000000001669,00027.922300
0000000001670,00027.945730
0000000001671,00027.970420
0000000001672,00027.995156
0000000001673,00028.019804
0000000001674,00028.046024
0000000001675,00028.070282
0000000001676,00028.093481
0000000001677,00028.116943
0000000001678,00028.139686
0000000001679,00028.163070
0000000001680,00028.188230
0000000001681,00028.211442
0000000001682,00028.234087
0000000001683,00028.257616
0000000001684,00028.283639
0000000001685,00028.307662
0000000001686,00028.333614
0000000001687,00028.360359
0000000001688,00028.383745
0000000001689,00028.410059
0000000001690,00028.433341
0000000001691,00028.459019
0000000001692,00028.482112
0000000001693,00028.506112
0000000001694,00028.531285
0000000001695,00028.557977
0000000001696,00028.581846
0000000001697,00028.607067
0000000001698,00028.634077
0000000001699,00028.657221
0000000001700,00028.680596
0000000001701,00028.704248
0000000001702,00028.727334
0000000001703,00028.752818
0000000001704,00028.779772
0000000001705,00028.803500
0000000001706,00028.827653
0000000001707,00028.850991
0000000001708,00028.875254
0000000001709,00028.903085
0000000001710,00028.927789
0000000001711,00028.953037
0000000001712,00028.978798
0000000001713,00029.002037
0000000001714,00029.025197
0000000001715,00029.048705
0000000001716,00029.075533
0000000001717,00029.098900
0000000001718,00029.123528
0000000001719,00029.147064
0000000001720,00029.171645
0000000001721,00029.195201
0000000001722,00029.217806
0000000001723,00029.244679
0000000001724,00029.267361
0000000001725,00029.294174
0000000001726,00029.317558
0000000001727,00029.340475
0000000001728,00029.363620
0000000001729,00029.388419
0000000001730,00029.412384
0000000001731,00029.437596
0000000001732,00029.461146
0000000001733,00029.484003
0000000001734,00029.509864
0000000001735,00029.533062
0000000001736,00029.556494
0000000001737,00029.579401
0000000001738,00029.602493
0000000001739,00029.634980
0000000001740,00029.659029
0000000001741,00029.685843
0000000001742,00029.713084
0000000001743,00029.738268
0000000001744,00029.760889
0000000001745,00029.787718
0000000001746,00029.810425
0000000001747,00029.835345
0000000001748,00029.859842
0000000001749,00029.886423
0000000001750,00029.908977
0000000001751,00029.935967
0000000001752,00029.962838
0000000001753,00029.986007
0000000001754,00030.009064
0000000001755,00030.032244
0000000001756,00030.058037
0000000001757,00030.081428
0000000001758,00030.104366
0000000001759,00030.127905
0000000001760,00030.150649
0000000001761,00030.173675
0000000001762,00030.200383
0000000001763,00030.223852
0000000001764,00030.246567
0000000001765,00030.273442
0000000001766,00030.296264
0000000001767,00030.319788
0000000001768,00030.344161
0000000001769,00030.367721
0000000001770,00030.391538
0000000001771,00030.414641
0000000001772,00030.439203
0000000001773,00030.466207
0000000001774,00030.490672
0000000001775,00030.513567
0000000001776,00030.540631
0000000001777,00030.563584
0000000001778,00030.588822
0000000001779,00030.612471
0000000001780,00030.635236
0000000001781,00030.661655
0000000001782,00030.686052
0000000001783,00030.709757
0000000001784,00030.721740
0000000001785,00030.736773
0000000001786,00030.751686
0000000001787,00030.766712
0000000001788,00030.781745
0000000001789,00030.796662
0000000001790,00030.816783
0000000001791,00030.831709
0000000001792,00030.846655
0000000001793,00030.861724
0000000001794,00030.876670
0000000001795,00030.891686
0000000001796,00030.906797
0000000001797,00030.921702
0000000001798,00030.936663
0000000001799,00030.956768
0000000001800,00030.971706
0000000001801,00030.986686
0000000001802,00031.001737
0000000001803,00031.016698
0000000001804,00031.031675
0000000001805,00031.046728
0000000001806,00031.061729
0000000001807,00031.081723
0000000001808,00031.096729
0000000001809,00031.111726
0000000001810,00031.126728
0000000001811,00031.141782
0000000001812,00031.156742
0000000001813,00031.171670
0000000001814,00031.186733
0000000001815,00031.206768
0000000001816,00031.221675
0000000001817,00031.236759
0000000001818,00031.251747
0000000001819,00031.266798
0000000001820,00031.281768
0000000001821,00031.296732
0000000001822,00031.311691
0000000001823,00031.326701
0000000001824,00031.346779
0000000001825,00031.361756
0000000001826,00031.376743
0000000001827,00031.391748
0000000001828,00031.406741
0000000001829,00031.421759
0000000001830,00031.436751
0000000001831,00031.451692
0000000001832,00031.471896
0000000001833,00031.486849
0000000001834,00031.501691
0000000001835,00031.516770
0000000001836,00031.531738
0000000001837,00031.546703
0000000001838,00031.561716
0000000001839,00031.576779
0000000001840,00031.596755
0000000001841,00031.611725
0000000001842,00031.626746
0000000001843,00031.641718
0000000001844,00031.656808
0000000001845,00031.671721
0000000001846,00031.686698
0000000001847,00031.701732
0000000001848,00031.716760
0000000001849,00031.736705
0000000001850,00031.751922
0000000001851,00031.766779
0000000001852,00031.781696
0000000001853,00031.796776
0000000001854,00031.811775
0000000001855,00031.826716
0000000001856,00031.841733
0000000001857,00031.861735
0000000001858,00031.876700
0000000001859,00031.891798
0000000001860,00031.906737
0000000001861,00031.921757
0000000001862,00031.936856
0000000001863,00031.951801
0000000001864,00031.966757
0000000001865,00031.986880
0000000001866,00032.001779
0000000001867,00032.016732
0000000001868,00032.031808
0000000001869,00032.046774
0000000001870,00032.061673
0000000001871,00032.076777
0000000001872,00032.091762
0000000001873,00032.106701
0000000001874,00032.127103
0000000001875,00032.141893
0000000001876,00032.156675
0000000001877,00032.171971
0000000001878,00032.186767
0000000001879,00032.201894
0000000001880,00032.216850
0000000001881,00032.231758
0000000001882,00032.251763
0000000001883,00032.266875
0000000001884,00032.281933
0000000001885,00032.296759
0000000001886,00032.311782
0000000001887,00032.326787
0000000001888,00032.341745
0000000001889,00032.356798
0000000001890,00032.372111
0000000001891,00032.391826
0000000001892,00032.406855
0000000001893,00032.421720
0000000001894,00032.436757
0000000001895,00032.451780
0000000001896,00032.466785
0000000001897,00032.481730
0000000001898,00032.496794
0000000001899,00032.516816
0000000001900,00032.531784
0000000001901,00032.546791
0000000001902,00032.561771
0000000001903,00032.576758
0000000001904,00032.591820
0000000001905,00032.606767
0000000001906,00032.621784
0000000001907,00032.641797
0000000001908,00032.656767
0000000001909,00032.671723
0000000001910,00032.686823
0000000001911,00032.701809
0000000001912,00032.716726
0000000001913,00032.731850
0000000001914,00032.746822
0000000001915,00032.761740
0000000001916,00032.781949
0000000001917,00032.796753
0000000001918,00032.811748
0000000001919,00032.826792
0000000001920,00032.841829
0000000001921,00032.856745
0000000001922,00032.871789
0000000001923,00032.886792
0000000001924,00032.906739
0000000001925,00032.921801
0000000001926,00032.936798
0000000001927,00032.951882
0000000001928,00032.966847
0000000001929,00032.981753
0000000001930,00032.996723
0000000001931,00033.011733
0000000001932,00033.031963
0000000001933,00033.046755
0000000001934,00033.061788
0000000001935,00033.084503
0000000001936,00033.108059
0000000001937,00033.130668
0000000001938,00033.154147
0000000001939,00033.227594
0000000001940,00033.258428
0000000001941,00033.281823
0000000001942,00033.306181
0000000001943,00033.329569
0000000001944,00033.355240
0000000001945,00033.381700
0000000001946,00033.404859
0000000001947,00033.427675
0000000001948,00033.454124
0000000001949,00033.479853
0000000001950,00033.503303
0000000001951,00033.528552
0000000001952,00033.551341
0000000001953,00033.574161
0000000001954,00033.597544
0000000001955,00033.623464
0000000001956,00033.646506
0000000001957,00033.669822
0000000001958,00033.692615
0000000001959,00033.715405
0000000001960,00033.738616
0000000001961,00033.761414
0000000001962,00033.784778
0000000001963,00033.808167
0000000001964,00033.833510
0000000001965,00033.857406
0000000001966,00033.883330
0000000001967,00033.908915
0000000001968,00033.934300
0000000001969,00033.956757
0000000001970,00033.979964
0000000001971,00034.004217
0000000001972,00034.027586
0000000001973,00034.051040
0000000001974,00034.077025
0000000001975,00034.100897
0000000001976,00034.123985
0000000001977,00034.147183
0000000001978,00034.170536
0000000001979,00034.196423
0000000001980,00034.219772
0000000001981,00034.244888
0000000001982,00034.268950
0000000001983,00034.293172
0000000001984,00034.316620
0000000001985,00034.340152
0000000001986,00034.364214
0000000001987,00034.387596
0000000001988,00034.413039
0000000001989,00034.436469
0000000001990,00034.460546
0000000001991,00034.486254
0000000001992,00034.509921
0000000001993,00034.533553
0000000001994,00034.558680
0000000001995,00034.584381
0000000001996,00034.607951
0000000001997,00034.635548
0000000001998,00034.653914
0000000001999,00034.668806
0000000002000,00034.683824
0000000002001,00034.698877
0000000002002,00034.713882
0000000002003,00034.728818
0000000002004,00034.743808
0000000002005,00034.758996
0000000002006,00034.778867
0000000002007,00034.793881
0000000002008,00034.808890
0000000002009,00034.823832
0000000002010,00034.838899
0000000002011,00034.853794
0000000002012,00034.868829
0000000002013,00034.883829
0000000002014,00034.904067
0000000002015,00034.918807
0000000002016,00034.933972
0000000002017,00034.948894
0000000002018,00034.963846
0000000002019,00034.978893
0000000002020,00034.993916
0000000002021,00035.008845
0000000002022,00035.023830
0000000002023,00035.043918
0000000002024,00035.058883
0000000002025,00035.074090
0000000002026,00035.088951
0000000002027,00035.103844
0000000002028,00035.119084
0000000002029,00035.133888
0000000002030,00035.149077
0000000002031,00035.168956
0000000002032,00035.183898
0000000002033,00035.198885
0000000002034,00035.214060
0000000002035,00035.228852
0000000002036,00035.243835
0000000002037,00035.258894
0000000002038,00035.273898
0000000002039,00035.293869
0000000002040,00035.308911
0000000002041,00035.323941
0000000002042,00035.338875
0000000002043,00035.353887
0000000002044,00035.368864
0000000002045,00035.383841
0000000002046,00035.398843
0000000002047,00035.413865
0000000002048,00035.433849
0000000002049,00035.448881
0000000002050,00035.463837
0000000002051,00035.478821
0000000002052,00035.493898
0000000002053,00035.508868
0000000002054,00035.523824
0000000002055,00035.538792
0000000002056,00035.558931
0000000002057,00035.573850
0000000002058,00035.588987
0000000002059,00035.603878
0000000002060,00035.618892
0000000002061,00035.633851
0000000002062,00035.648966
0000000002063,00035.663843
0000000002064,00035.684216
0000000002065,00035.698897
0000000002066,00035.713838
0000000002067,00035.728866
0000000002068,00035.743927
0000000002069,00035.758840
0000000002070,00035.773945
0000000002071,00035.789048
0000000002072,00035.803868
0000000002073,00035.823937
0000000002074,00035.838927
0000000002075,00035.853848
0000000002076,00035.869171
0000000002077,00035.883879
0000000002078,00035.898862
0000000002079,00035.913853
0000000002080,00035.928942
0000000002081,00035.948866
0000000002082,00035.963925
0000000002083,00035.978865
0000000002084,00035.993871
0000000002085,00036.008907
0000000002086,00036.023891
0000000002087,00036.038840
0000000002088,00036.053896
0000000002089,00036.073967
0000000002090,00036.088832
0000000002091,00036.103921
0000000002092,00036.118926
0000000002093,00036.133845
0000000002094,00036.148876
0000000002095,00036.163888
0000000002096,00036.178951
0000000002097,00036.193931
0000000002098,00036.213935
0000000002099,00036.228893
0000000002100,00036.244000
0000000002101,00036.258932
0000000002102,00036.273983
0000000002103,00036.288981
0000000002104,00036.304052
0000000002105,00036.318949
0000000002106,00036.339005
0000000002107,00036.354020
0000000002108,00036.368922
0000000002109,00036.384098
0000000002110,00036.399064
0000000002111,00036.413904
0000000002112,00036.429053
0000000002113,00036.444023
0000000002114,00036.458940
0000000002115,00036.478977
0000000002116,00036.493938
0000000002117,00036.508884
0000000002118,00036.524008
0000000002119,00036.539021
0000000002120,00036.554028
0000000002121,00036.569050
0000000002122,00036.583915
0000000002123,00036.604041
0000000002124,00036.618927
0000000002125,00036.633904
0000000002126,00036.648993
0000000002127,00036.663949
0000000002128,00036.679190
0000000002129,00036.693914
0000000002130,00036.708902
0000000002131,00036.729011
0000000002132,00036.743923
0000000002133,00036.758957
0000000002134,00036.773928
0000000002135,00036.788925
0000000002136,00036.803927
0000000002137,00036.818977
0000000002138,00036.833859
0000000002139,00036.866396
0000000002140,00036.873752
0000000002141,00036.883760
0000000002142,00036.899833
0000000002143,00036.914801
0000000002144,00036.929742
0000000002145,00036.944874
0000000002146,00036.959820
0000000002147,00036.974747
0000000002148,00036.989702
0000000002149,00037.004793
0000000002150,00037.027268
0000000002151,00037.049696
0000000002152,00037.072314
0000000002153,00037.095052
0000000002154,00037.118107
0000000002155,00037.140784
0000000002156,00037.167131
0000000002157,00037.189720
0000000002158,00037.212332
0000000002159,00037.234876
0000000002160,00037.257617
0000000002161,00037.280210
0000000002162,00037.302455
0000000002163,00037.329154
0000000002164,00037.351995
0000000002165,00037.374941
0000000002166,00037.397714
0000000002167,00037.420290
0000000002168,00037.442672
0000000002169,00037.468668
0000000002170,00037.495262
0000000002171,00037.517951
0000000002172,00037.540747
0000000002173,00037.565138
0000000002174,00037.588102
0000000002175,00037.610496
0000000002176,00037.633764
0000000002177,00037.656557
0000000002178,00037.679770
0000000002179,00037.703330
0000000002180,00037.726407
0000000002181,00037.749615
0000000002182,00037.772662
0000000002183,00037.798192
0000000002184,00037.821400
0000000002185,00037.846132
0000000002186,00037.869376
0000000002187,00037.892672
0000000002188,00037.919811
0000000002189,00037.943670
0000000002190,00037.968620
0000000002191,00037.991898
0000000002192,00038.017800
0000000002193,00038.041396
0000000002194,00038.065144
0000000002195,00038.092260
0000000002196,00038.117887
0000000002197,00038.140784
0000000002198,00038.167615
0000000002199,00038.190655
0000000002200,00038.217611
0000000002201,00038.249017
0000000002202,00038.276066
0000000002203,00038.299631
0000000002204,00038.326536
0000000002205,00038.349814
0000000002206,00038.376261
0000000002207,00038.403039
0000000002208,00038.428816
0000000002209,00038.454076
0000000002210,00038.477411
0000000002211,00038.501399
0000000002212,00038.528347
0000000002213,00038.551038
0000000002214,00038.574317
0000000002215,00038.598043
0000000002216,00038.623266
0000000002217,00038.646685
0000000002218,00038.671384
0000000002219,00038.695271
0000000002220,00038.719936
0000000002221,00038.743456
0000000002222,00038.767209
0000000002223,00038.794083
0000000002224,00038.816964
0000000002225,00038.843586
0000000002226,00038.870325
0000000002227,00038.895220
0000000002228,00038.918166
0000000002229,00038.944957
0000000002230,00038.967977
0000000002231,00038.991327
0000000002232,00039.014400
0000000002233,00039.037658
0000000002234,00039.061036
0000000002235,00039.084748
0000000002236,00039.107971
0000000002237,00039.130687
0000000002238,00039.155627
0000000002239,00039.182327
0000000002240,00039.205114
0000000002241,00039.228111
0000000002242,00039.251542
0000000002243,00039.274455
0000000002244,00039.297605
0000000002245,00039.320884
0000000002246,00039.346075
0000000002247,00039.369265
0000000002248,00039.393343
0000000002249,00039.416497
0000000002250,00039.439953
0000000002251,00039.462575
0000000002252,00039.486656
0000000002253,00039.509721
0000000002254,00039.534184
0000000002255,00039.560392
0000000002256,00039.583778
0000000002257,00039.606712
0000000002258,00039.630206
0000000002259,00039.653156
0000000002260,00039.680283
0000000002261,00039.703865
0000000002262,00039.730636
0000000002263,00039.754137
0000000002264,00039.779920
0000000002265,00039.803262
0000000002266,00039.826126
0000000002267,00039.853007
0000000002268,00039.875872
0000000002269,00039.903034
0000000002270,00039.926299
0000000002271,00039.950180
0000000002272,00039.977128
0000000002273,00040.001405
0000000002274,00040.024600
0000000002275,00040.047808
0000000002276,00040.074118
0000000002277,00040.100966
0000000002278,00040.123661
0000000002279,00040.150632
0000000002280,00040.158957
0000000002281,00040.174056
0000000002282,00040.189025
0000000002283,00040.203899
0000000002284,00040.218950
0000000002285,00040.234015
0000000002286,00040.253992
0000000002287,00040.269022
0000000002288,00040.284063
0000000002289,00040.298930
0000000002290,00040.314048
0000000002291,00040.328978
0000000002292,00040.343987
0000000002293,00040.358951
0000000002294,00040.378990
0000000002295,00040.393909
0000000002296,00040.409043
0000000002297,00040.423973
0000000002298,00040.438890
0000000002299,00040.454020
0000000002300,00040.468994
0000000002301,00040.483929
0000000002302,00040.504056
0000000002303,00040.519035
0000000002304,00040.533998
0000000002305,00040.549109
0000000002306,00040.563995
0000000002307,00040.579092
0000000002308,00040.593943
0000000002309,00040.609034
0000000002310,00040.623970
0000000002311,00040.643962
0000000002312,00040.658977
0000000002313,00040.673982
0000000002314,00040.688964
0000000002315,00040.704026
0000000002316,00040.719070
0000000002317,00040.733968
0000000002318,00040.749087
0000000002319,00040.769117
0000000002320,00040.784039
0000000002321,00040.799081
0000000002322,00040.813975
0000000002323,00040.828999
0000000002324,00040.844016
0000000002325,00040.858951
0000000002326,00040.873994
0000000002327,00040.894113
0000000002328,00040.908996
0000000002329,00040.923967
0000000002330,00040.939030
0000000002331,00040.953945
0000000002332,00040.969094
0000000002333,00040.984030
0000000002334,00040.998981
0000000002335,00041.014025
0000000002336,00041.034078
0000000002337,00041.048955
0000000002338,00041.064041
0000000002339,00041.123216
0000000002340,00041.143531
0000000002341,00041.154940
0000000002342,00041.169933
0000000002343,00041.189932
0000000002344,00041.204954
0000000002345,00041.219946
0000000002346,00041.234902
0000000002347,00041.249976
0000000002348,00041.264912
0000000002349,00041.279987
0000000002350,00041.294881
0000000002351,00041.314989
0000000002352,00041.329905
0000000002353,00041.344967
0000000002354,00041.360102
0000000002355,00041.374895
0000000002356,00041.390095
0000000002357,00041.405012
0000000002358,00041.419913
0000000002359,00041.439991
0000000002360,00041.454930
0000000002361,00041.469906
0000000002362,00041.484952
0000000002363,00041.499967
0000000002364,00041.514910
0000000002365,00041.529820
0000000002366,00041.544986
0000000002367,00041.559979
0000000002368,00041.580000
0000000002369,00041.595007
0000000002370,00041.609913
0000000002371,00041.624977
0000000002372,00041.639912
0000000002373,00041.654961
0000000002374,00041.669950
0000000002375,00041.685012
0000000002376,00041.705007
0000000002377,00041.719968
0000000002378,00041.734975
0000000002379,00041.749956
0000000002380,00041.764953
0000000002381,00041.779981
0000000002382,00041.794957
0000000002383,00041.809961
0000000002384,00041.829960
0000000002385,00041.844919
0000000002386,00041.859962
0000000002387,00041.875088
0000000002388,00041.890013
0000000002389,00041.905096
0000000002390,00041.920052
0000000002391,00041.935040
0000000002392,00041.950107
0000000002393,00041.970158
0000000002394,00041.985039
0000000002395,00042.000036
0000000002396,00042.015077
0000000002397,00042.030056
0000000002398,00042.044918
0000000002399,00042.060016
0000000002400,00042.075087
0000000002401,00042.095141
0000000002402,00042.110139
0000000002403,00042.125041
0000000002404,00042.140107
0000000002405,00042.155152
0000000002406,00042.170042
0000000002407,00042.184995
0000000002408,00042.200129
0000000002409,00042.220016
0000000002410,00042.235077
0000000002411,00042.250143
0000000002412,00042.265073
0000000002413,00042.280155
0000000002414,00042.295037
0000000002415,00042.310067
0000000002416,00042.324991
0000000002417,00042.339984
0000000002418,00042.360054
0000000002419,00042.375158
0000000002420,00042.389995
0000000002421,00042.405054
0000000002422,00042.420139
0000000002423,00042.435114
0000000002424,00042.450011
0000000002425,00042.465078
0000000002426,00042.485130
0000000002427,00042.510823
0000000002428,00042.534123
0000000002429,00042.557102
0000000002430,00042.580384
0000000002431,00042.605245
0000000002432,00042.628559
0000000002433,00042.655069
0000000002434,00042.678216
0000000002435,00042.704944
0000000002436,00042.727957
0000000002437,00042.751115
0000000002438,00042.776424
0000000002439,00042.799895
0000000002440,00042.823112
0000000002441,00042.846260
0000000002442,00042.870001
0000000002443,00042.896826
0000000002444,00042.920159
0000000002445,00042.946371
0000000002446,00042.973204
0000000002447,00042.995933
0000000002448,00043.022720
0000000002449,00043.046040
0000000002450,00043.068835
0000000002451,00043.095706
0000000002452,00043.119695
0000000002453,00043.146221
0000000002454,00043.170651
0000000002455,00043.195524
0000000002456,00043.218940
0000000002457,00043.242390
0000000002458,00043.265805
0000000002459,00043.288742
0000000002460,00043.312360
0000000002461,00043.337711
0000000002462,00043.364681
0000000002463,00043.391275
0000000002464,00043.414555
0000000002465,00043.437821
0000000002466,00043.460855
0000000002467,00043.486629
0000000002468,00043.512124
0000000002469,00043.537741
0000000002470,00043.563273
0000000002471,00043.586179
0000000002472,00043.609418
0000000002473,00043.632251
0000000002474,00043.655662
0000000002475,00043.678632
0000000002476,00043.702123
0000000002477,00043.725633
0000000002478,00043.748979
0000000002479,00043.774735
0000000002480,00043.798290
0000000002481,00043.821381
0000000002482,00043.848490
0000000002483,00043.872942
0000000002484,00043.898023
0000000002485,00043.927222
0000000002486,00043.950996
0000000002487,00043.974411
0000000002488,00043.998956
0000000002489,00044.023258
0000000002490,00044.050077
0000000002491,00044.056613
0000000002492,00044.076151
0000000002493,00044.091049
0000000002494,00044.106202
0000000002495,00044.121134
0000000002496,00044.136028
0000000002497,00044.151015
0000000002498,00044.166166
0000000002499,00044.181160
0000000002500,00044.201244
0000000002501,00044.216159
0000000002502,00044.231219
0000000002503,00044.246146
0000000002504,00044.261155
0000000002505,00044.276011
0000000002506,00044.291178
0000000002507,00044.306156
0000000002508,00044.321156
0000000002509,00044.341185
0000000002510,00044.356147
0000000002511,00044.371146
0000000002512,00044.386328
0000000002513,00044.401276
0000000002514,00044.416041
0000000002515,00044.431025
0000000002516,00044.446122
0000000002517,00044.466202
0000000002518,00044.481230
0000000002519,00044.496086
0000000002520,00044.511046
0000000002521,00044.526144
0000000002522,00044.541193
0000000002523,00044.556109
0000000002524,00044.571125
0000000002525,00044.591184
0000000002526,00044.606113
0000000002527,00044.621135
0000000002528,00044.636119
0000000002529,00044.651118
0000000002530,00044.666142
0000000002531,00044.681190
0000000002532,00044.696149
0000000002533,00044.711160
0000000002534,00044.731497
0000000002535,00044.746049
0000000002536,00044.761128
0000000002537,00044.776185
0000000002538,00044.791106
0000000002539,00044.807016
0000000002540,00044.821152
0000000002541,00044.836068
0000000002542,00044.856250
0000000002543,00044.871109
0000000002544,00044.886091
0000000002545,00044.901335
0000000002546,00044.916142
0000000002547,00044.931138
0000000002548,00044.946220
0000000002549,00044.961140
0000000002550,00044.981131
0000000002551,00044.996280
0000000002552,00045.011072
0000000002553,00045.026106
0000000002554,00045.041220
0000000002555,00045.056174
0000000002556,00045.071175
0000000002557,00045.086091
0000000002558,00045.101208
0000000002559,00045.121159
0000000002560,00045.136231
0000000002561,00045.151227
0000000002562,00045.166079
0000000002563,00045.181294
0000000002564,00045.196156
0000000002565,00045.211112
0000000002566,00045.226256
0000000002567,00045.246218
0000000002568,00045.261170
0000000002569,00045.276270
0000000002570,00045.291229
0000000002571,00045.306111
0000000002572,00045.321152
0000000002573,00045.336145
0000000002574,00045.351181
0000000002575,00045.371215
0000000002576,00045.386173
0000000002577,00045.401181
0000000002578,00045.416375
0000000002579,00045.431141
0000000002580,00045.446117
0000000002581,00045.461163
0000000002582,00045.476199
0000000002583,00045.491116
0000000002584,00045.511254
0000000002585,00045.526246
0000000002586,00045.541176
0000000002587,00045.556255
0000000002588,00045.571095
0000000002589,00045.586207
0000000002590,00045.601166
0000000002591,00045.616256
0000000002592,00045.636164
0000000002593,00045.651176
0000000002594,00045.666151
0000000002595,00045.681108
0000000002596,00045.696203
0000000002597,00045.711194
0000000002598,00045.726131
0000000002599,00045.741124
0000000002600,00045.761185
0000000002601,00045.776166
0000000002602,00045.791348
0000000002603,00045.806147
0000000002604,00045.821159
0000000002605,00045.836234
0000000002606,00045.851188
0000000002607,00045.866148
0000000002608,00045.881147
0000000002609,00045.901254
0000000002610,00045.916230
0000000002611,00045.931170
0000000002612,00045.946156
0000000002613,00045.961494
0000000002614,00045.976214
0000000002615,00045.991411
0000000002616,00046.006189
0000000002617,00046.026199
0000000002618,00046.041430
0000000002619,00046.056208
0000000002620,00046.071244
0000000002621,00046.086273
0000000002622,00046.101298
0000000002623,00046.116353
0000000002624,00046.131228
0000000002625,00046.151460
0000000002626,00046.166186
0000000002627,00046.181195
0000000002628,00046.196257
0000000002629,00046.211245
0000000002630,00046.226282
0000000002631,00046.241260
0000000002632,00046.256179
0000000002633,00046.271345
0000000002634,00046.291160
0000000002635,00046.306219
0000000002636,00046.321266
0000000002637,00046.336264
0000000002638,00046.351288
0000000002639,00046.366200
0000000002640,00046.381273
0000000002641,00046.397118
0000000002642,00046.412227
0000000002643,00046.434946
0000000002644,00046.459702
0000000002645,00046.482613
0000000002646,00046.506863
0000000002647,00046.532604
0000000002648,00046.556311
0000000002649,00046.582404
0000000002650,00046.605866
0000000002651,00046.629820
0000000002652,00046.656953
0000000002653,00046.680291
0000000002654,00046.703178
0000000002655,00046.729163
0000000002656,00046.752188
0000000002657,00046.779213
0000000002658,00046.805659
0000000002659,00046.828787
0000000002660,00046.852575
0000000002661,00046.877397
0000000002662,00046.904496
0000000002663,00046.928234
0000000002664,00046.951138
0000000002665,00046.974091
0000000002666,00046.999788
0000000002667,00047.023431
0000000002668,00047.048751
0000000002669,00047.072461
0000000002670,00047.098004
0000000002671,00047.121531
0000000002672,00047.145520
0000000002673,00047.169306
0000000002674,00047.192375
0000000002675,00047.215482
0000000002676,00047.238242
0000000002677,00047.261770
0000000002678,00047.284965
0000000002679,00047.308041
0000000002680,00047.331168
0000000002681,00047.354594
0000000002682,00047.377426
0000000002683,00047.400736
0000000002684,00047.425171
0000000002685,00047.451873
0000000002686,00047.478824
0000000002687,00047.503307
0000000002688,00047.527351
0000000002689,00047.557371
0000000002690,00047.583525
0000000002691,00047.608086
0000000002692,00047.631943
0000000002693,00047.654778
0000000002694,00047.681631
0000000002695,00047.705579
0000000002696,00047.729102
0000000002697,00047.751681
0000000002698,00047.778638
0000000002699,00047.803119
0000000002700,00047.826018
0000000002701,00047.849080
0000000002702,00047.871889
0000000002703,00047.897019
0000000002704,00047.921479
0000000002705,00047.944832
0000000002706,00047.969162
0000000002707,00047.992990
0000000002708,00048.018561
0000000002709,00048.042050
0000000002710,00048.064698
0000000002711,00048.088230
0000000002712,00048.114459
0000000002713,00048.137356
0000000002714,00048.161259
0000000002715,00048.187117
0000000002716,00048.213657
0000000002717,00048.237380
0000000002718,00048.263832
0000000002719,00048.286853
0000000002720,00048.313460
0000000002721,00048.339713
0000000002722,00048.363634
0000000002723,00048.386735
0000000002724,00048.413572
0000000002725,00048.438768
0000000002726,00048.465659
0000000002727,00048.488926
0000000002728,00048.511594
0000000002729,00048.535970
0000000002730,00048.562069
0000000002731,00048.585797
0000000002732,00048.610623
0000000002733,00048.637207
0000000002734,00048.660604
0000000002735,00048.683365
0000000002736,00048.706312
0000000002737,00048.733109
0000000002738,00048.759954
0000000002739,00048.844333
0000000002740,00048.886765
0000000002741,00048.908492
0000000002742,00048.930888
0000000002743,00048.954689
0000000002744,00048.981044
0000000002745,00049.007341
0000000002746,00049.029747
0000000002747,00049.052670
0000000002748,00049.076216
0000000002749,00049.099014
0000000002750,00049.121828
0000000002751,00049.144532
0000000002752,00049.166952
0000000002753,00049.189696
0000000002754,00049.212565
0000000002755,00049.236185
0000000002756,00049.260220
0000000002757,00049.283352
0000000002758,00049.308460
0000000002759,00049.330894
0000000002760,00049.353878
0000000002761,00049.377571
0000000002762,00049.400553
0000000002763,00049.422920
0000000002764,00049.445607
0000000002765,00049.467773
0000000002766,00049.490734
0000000002767,00049.512873
0000000002768,00049.536060
0000000002769,00049.548240
0000000002770,00049.563197
0000000002771,00049.578317
0000000002772,00049.598279
0000000002773,00049.613109
0000000002774,00049.628296
0000000002775,00049.643243
0000000002776,00049.658202
0000000002777,00049.673281
0000000002778,00049.688246
0000000002779,00049.703174
0000000002780,00049.723263
0000000002781,00049.738226
0000000002782,00049.753195
0000000002783,00049.768308
0000000002784,00049.783254
0000000002785,00049.798292
0000000002786,00049.813185
0000000002787,00049.828259
0000000002788,00049.846402
0000000002789,00049.861393
0000000002790,00049.876404
0000000002791,00049.891372
0000000002792,00049.906350
0000000002793,00049.926480
0000000002794,00049.941306
0000000002795,00049.956384
0000000002796,00049.971384
0000000002797,00049.986394
0000000002798,00050.001239
0000000002799,00050.016395
0000000002800,00050.031310
0000000002801,00050.046337
0000000002802,00050.066414
0000000002803,00050.081305
0000000002804,00050.096359
0000000002805,00050.111419
0000000002806,00050.126450
0000000002807,00050.141399
0000000002808,00050.156415
0000000002809,00050.171343
0000000002810,00050.191357
0000000002811,00050.206445
0000000002812,00050.221382
0000000002813,00050.236364
0000000002814,00050.251271
0000000002815,00050.266358
0000000002816,00050.281309
0000000002817,00050.296352
0000000002818,00050.316413
0000000002819,00050.331453
0000000002820,00050.346352
0000000002821,00050.361291
0000000002822,00050.376425
0000000002823,00050.391295
0000000002824,00050.406383
0000000002825,00050.421266
0000000002826,00050.436351
0000000002827,00050.456440
0000000002828,00050.471388
0000000002829,00050.486381
0000000002830,00050.501329
0000000002831,00050.516400
0000000002832,00050.531410
0000000002833,00050.546329
0000000002834,00050.561379
0000000002835,00050.581389
0000000002836,00050.596301
0000000002837,00050.611395
0000000002838,00050.626402
0000000002839,00050.641386
0000000002840,00050.656357
0000000002841,00050.671384
0000000002842,00050.686331
0000000002843,00050.706492
0000000002844,00050.721457
0000000002845,00050.736369
0000000002846,00050.751444
0000000002847,00050.766382
0000000002848,00050.781499
0000000002849,00050.796540
0000000002850,00050.811322
0000000002851,00050.826276
0000000002852,00050.846700
0000000002853,00050.861373
0000000002854,00050.876344
0000000002855,00050.891595
0000000002856,00050.906523
0000000002857,00050.921315
0000000002858,00050.936232
0000000002859,00050.951369
0000000002860,00050.971449
0000000002861,00050.986499
0000000002862,00051.001367
0000000002863,00051.016276
0000000002864,00051.031452
0000000002865,00051.046334
0000000002866,00051.061298
0000000002867,00051.076383
0000000002868,00051.096468
0000000002869,00051.111338
0000000002870,00051.126391
0000000002871,00051.141724
0000000002872,00051.156340
0000000002873,00051.171645
0000000002874,00051.186389
0000000002875,00051.201355
0000000002876,00051.216335
0000000002877,00051.236514
0000000002878,00051.251324
0000000002879,00051.266372
0000000002880,00051.281442
0000000002881,00051.296301
0000000002882,00051.311358
0000000002883,00051.326441
0000000002884,00051.341374
0000000002885,00051.361480
0000000002886,00051.376380
0000000002887,00051.391369
0000000002888,00051.406483
0000000002889,00051.421353
0000000002890,00051.436422
0000000002891,00051.451391
0000000002892,00051.466419
0000000002893,00051.486354
0000000002894,00051.501434
0000000002895,00051.516389
0000000002896,00051.531344
0000000002897,00051.546444
0000000002898,00051.561552
0000000002899,00051.577371
0000000002900,00051.592308
0000000002901,00051.607461
0000000002902,00051.622331
0000000002903,00051.642614
0000000002904,00051.657417
0000000002905,00051.672305
0000000002906,00051.687362
0000000002907,00051.702512
0000000002908,00051.717412
0000000002909,00051.732473
0000000002910,00051.747352
0000000002911,00051.762633
0000000002912,00051.782654
0000000002913,00051.797384
0000000002914,00051.812402
0000000002915,00051.827506
0000000002916,00051.842505
0000000002917,00051.857425
0000000002918,00051.872353
0000000002919,00051.887401
0000000002920,00051.910265
0000000002921,00051.933436
0000000002922,00051.960260
0000000002923,00051.984152
0000000002924,00052.009282
0000000002925,00052.035115
0000000002926,00052.058682
0000000002927,00052.084353
0000000002928,00052.107522
0000000002929,00052.133873
0000000002930,00052.161064
0000000002931,00052.184276
0000000002932,00052.207414
0000000002933,00052.230169
0000000002934,00052.255859
0000000002935,00052.279285
0000000002936,00052.302059
0000000002937,00052.324858
0000000002938,00052.348212
0000000002939,00052.396775
0000000002940,00052.421093
0000000002941,00052.442805
0000000002942,00052.464140
0000000002943,00052.486565
0000000002944,00052.508719
0000000002945,00052.531169
0000000002946,00052.553685
0000000002947,00052.579190
0000000002948,00052.601460
0000000002949,00052.624076
0000000002950,00052.646512
0000000002951,00052.669162
0000000002952,00052.694347
0000000002953,00052.717351
0000000002954,00052.739362
0000000002955,00052.762030
0000000002956,00052.786993
0000000002957,00052.809589
0000000002958,00052.832031
0000000002959,00052.854538
0000000002960,00052.877464
0000000002961,00052.899809
0000000002962,00052.922827
0000000002963,00052.946982
0000000002964,00052.973876
0000000002965,00052.996360
0000000002966,00053.019034
0000000002967,00053.041421
0000000002968,00053.064008
0000000002969,00053.086663
0000000002970,00053.109695
0000000002971,00053.131988
0000000002972,00053.155126
0000000002973,00053.179344
0000000002974,00053.206453
0000000002975,00053.229781
0000000002976,00053.253283
0000000002977,00053.282264
0000000002978,00053.305011
0000000002979,00053.328502
0000000002980,00053.351284
0000000002981,00053.377075
0000000002982,00053.400027
0000000002983,00053.423690
0000000002984,00053.450023
0000000002985,00053.456151
0000000002986,00053.464518
0000000002987,00053.479462
0000000002988,00053.494369
0000000002989,00053.509429
0000000002990,00053.529544
0000000002991,00053.544417
0000000002992,00053.559448
0000000002993,00053.574473
0000000002994,00053.589500
0000000002995,00053.604411
0000000002996,00053.619420
0000000002997,00053.634420
0000000002998,00053.654483
0000000002999,00053.665397
0000000003000,00053.685520
0000000003001,00053.700519
0000000003002,00053.715491
0000000003003,00053.730481
0000000003004,00053.745536
0000000003005,00053.760501
0000000003006,00053.775470
0000000003007,00053.790403
0000000003008,00053.810605
0000000003009,00053.825429
0000000003010,00053.840476
0000000003011,00053.855545
0000000003012,00053.870577
0000000003013,00053.885421
0000000003014,00053.900498
0000000003015,00053.915478
0000000003016,00053.935508
0000000003017,00053.950502
0000000003018,00053.965483
0000000003019,00053.980571
0000000003020,00053.995482
0000000003021,00054.010534
0000000003022,00054.025523
0000000003023,00054.040537
0000000003024,00054.055431
0000000003025,00054.075494
0000000003026,00054.090529
0000000003027,00054.105401
0000000003028,00054.120505
0000000003029,00054.135538
0000000003030,00054.150446
0000000003031,00054.165464
0000000003032,00054.180529
0000000003033,00054.200441
0000000003034,00054.215516
0000000003035,00054.230536
0000000003036,00054.245407
0000000003037,00054.260470
0000000003038,00054.275561
0000000003039,00054.290426
0000000003040,00054.305454
0000000003041,00054.325527
0000000003042,00054.340356
0000000003043,00054.355565
0000000003044,00054.370524
0000000003045,00054.385492
0000000003046,00054.400495
0000000003047,00054.415503
0000000003048,00054.430557
0000000003049,00054.445403
0000000003050,00054.465576
0000000003051,00054.480546
0000000003052,00054.495561
0000000003053,00054.510648
0000000003054,00054.525534
0000000003055,00054.540426
0000000003056,00054.555539
0000000003057,00054.570568
0000000003058,00054.590588
0000000003059,00054.605499
0000000003060,00054.620384
0000000003061,00054.635495
0000000003062,00054.650511
0000000003063,00054.665489
0000000003064,00054.680475
0000000003065,00054.695516
0000000003066,00054.715498
0000000003067,00054.730492
0000000003068,00054.745461
0000000003069,00054.760500
0000000003070,00054.775514
0000000003071,00054.790500
0000000003072,00054.805535
0000000003073,00054.820370
0000000003074,00054.835495
0000000003075,00054.855538
0000000003076,00054.870606
0000000003077,00054.885585
0000000003078,00054.900690
0000000003079,00054.915577
0000000003080,00054.930421
0000000003081,00054.945471
0000000003082,00054.960675
0000000003083,00054.980601
0000000003084,00054.995491
0000000003085,00055.010536
0000000003086,00055.025563
0000000003087,00055.040438
0000000003088,00055.055501
0000000003089,00055.070640
0000000003090,00055.085529
0000000003091,00055.105689
0000000003092,00055.120503
0000000003093,00055.135469
0000000003094,00055.150585
0000000003095,00055.165558
0000000003096,00055.180485
0000000003097,00055.195407
0000000003098,00055.210588
0000000003099,00055.225547
0000000003100,00055.245582
0000000003101,00055.260565
0000000003102,00055.275384
0000000003103,00055.290599
0000000003104,00055.305495
0000000003105,00055.320509
0000000003106,00055.335447
0000000003107,00055.350479
0000000003108,00055.370456
0000000003109,00055.385580
0000000003110,00055.400567
0000000003111,00055.415525
0000000003112,00055.430573
0000000003113,00055.445594
0000000003114,00055.460507
0000000003115,00055.475494
0000000003116,00055.495580
0000000003117,00055.510563
0000000003118,00055.525513
0000000003119,00055.540511
0000000003120,00055.555465
0000000003121,00055.570550
0000000003122,00055.585595
0000000003123,00055.600600
0000000003124,00055.615469
0000000003125,00055.635619
0000000003126,00055.650481
0000000003127,00055.665622
0000000003128,00055.680608
0000000003129,00055.695574
0000000003130,00055.710534
0000000003131,00055.725565
0000000003132,00055.740561
0000000003133,00055.760591
0000000003134,00055.775566
0000000003135,00055.790479
0000000003136,00055.805512
0000000003137,00055.820607
0000000003138,00055.843343
0000000003139,00055.908839
0000000003140,00055.957566
0000000003141,00055.984259
0000000003142,00056.007705
0000000003143,00056.030296
0000000003144,00056.055151
0000000003145,00056.081630
0000000003146,00056.108418
0000000003147,00056.131766
0000000003148,00056.158430
0000000003149,00056.181960
0000000003150,00056.207383
0000000003151,00056.230435
0000000003152,00056.253205
0000000003153,00056.280162
0000000003154,00056.304290
0000000003155,00056.329614
0000000003156,00056.353037
0000000003157,00056.376117
0000000003158,00056.401700
0000000003159,00056.426700
0000000003160,00056.452033
0000000003161,00056.475309
0000000003162,00056.498496
0000000003163,00056.522539
0000000003164,00056.547499
0000000003165,00056.570368
0000000003166,00056.593829
0000000003167,00056.617512
0000000003168,00056.642761
0000000003169,00056.666378
0000000003170,00056.689416
0000000003171,00056.713026
0000000003172,00056.735921
0000000003173,00056.759455
0000000003174,00056.784016
0000000003175,00056.809474
0000000003176,00056.832503
0000000003177,00056.858025
0000000003178,00056.884201
0000000003179,00056.906860
0000000003180,00056.930945
0000000003181,00056.963031
0000000003182,00056.986135
0000000003183,00057.009568
0000000003184,00057.034061
0000000003185,00057.059798
0000000003186,00057.083097
0000000003187,00057.108730
0000000003188,00057.133979
0000000003189,00057.157076
0000000003190,00057.180902
0000000003191,00057.204486
0000000003192,00057.230201
0000000003193,00057.253207
0000000003194,00057.276687
0000000003195,00057.299639
0000000003196,00057.326357
0000000003197,00057.349539
0000000003198,00057.373068
0000000003199,00057.396702
0000000003200,00057.419797
0000000003201,00057.443270
0000000003202,00057.466403
0000000003203,00057.489524
0000000003204,00057.512749
0000000003205,00057.536319
0000000003206,00057.559448
0000000003207,00057.583239
0000000003208,00057.608318
0000000003209,00057.633237
0000000003210,00057.656104
0000000003211,00057.679845
0000000003212,00057.702978
0000000003213,00057.726685
0000000003214,00057.749837
0000000003215,00057.773484
0000000003216,00057.796431
0000000003217,00057.820293
0000000003218,00057.844625
0000000003219,00057.868025
0000000003220,00057.891298
0000000003221,00057.914877
0000000003222,00057.937997
0000000003223,00057.965215
0000000003224,00057.988900
0000000003225,00058.011940
0000000003226,00058.035798
0000000003227,00058.059009
0000000003228,00058.082757
0000000003229,00058.105775
0000000003230,00058.128761
0000000003231,00058.152376
0000000003232,00058.175606
0000000003233,00058.199389
0000000003234,00058.222865
0000000003235,00058.245959
0000000003236,00058.269752
0000000003237,00058.293415
0000000003238,00058.316519
0000000003239,00058.339866
0000000003240,00058.362971
0000000003241,00058.386045
0000000003242,00058.409079
0000000003243,00058.432249
0000000003244,00058.455714
0000000003245,00058.482537
0000000003246,00058.505812
0000000003247,00058.528635
0000000003248,00058.551988
0000000003249,00058.574844
0000000003250,00058.599661
0000000003251,00058.622937
0000000003252,00058.650036
0000000003253,00058.674701
0000000003254,00058.698358
0000000003255,00058.722477
0000000003256,00058.747662
0000000003257,00058.771083
0000000003258,00058.796448
0000000003259,00058.820017
0000000003260,00058.844894
0000000003261,00058.870146
0000000003262,00058.896051
0000000003263,00058.918908
0000000003264,00058.945745
0000000003265,00058.956740
0000000003266,00058.971699
0000000003267,00058.986723
0000000003268,00059.001759
0000000003269,00059.016681
0000000003270,00059.036772
0000000003271,00059.051795
0000000003272,00059.066664
0000000003273,00059.081731
0000000003274,00059.096733
0000000003275,00059.111636
0000000003276,00059.126681
0000000003277,00059.141762
0000000003278,00059.156665
0000000003279,00059.176883
0000000003280,00059.191720
0000000003281,00059.206665
0000000003282,00059.221793
0000000003283,00059.236800
0000000003284,00059.251740
0000000003285,00059.266760
0000000003286,00059.281741
0000000003287,00059.301715
0000000003288,00059.316796
0000000003289,00059.331744
0000000003290,00059.346714
0000000003291,00059.361748
0000000003292,00059.376727
0000000003293,00059.391784
0000000003294,00059.406734
0000000003295,00059.426895
0000000003296,00059.441821
0000000003297,00059.456853
0000000003298,00059.471757
0000000003299,00059.486740
0000000003300,00059.501777
0000000003301,00059.516749
0000000003302,00059.531793
0000000003303,00059.546845
0000000003304,00059.566796
0000000003305,00059.581752
0000000003306,00059.597050
0000000003307,00059.612063
0000000003308,00059.626754
0000000003309,00059.641712
0000000003310,00059.656768
0000000003311,00059.671804
0000000003312,00059.691795
0000000003313,00059.706736
0000000003314,00059.721783
0000000003315,00059.736795
0000000003316,00059.751829
0000000003317,00059.766725
0000000003318,00059.781823
0000000003319,00059.796894
0000000003320,00059.816810
0000000003321,00059.831807
0000000003322,00059.846869
0000000003323,00059.861732
0000000003324,00059.876735
0000000003325,00059.891725
0000000003326,00059.906657
0000000003327,00059.921760
0000000003328,00059.936877
0000000003329,00059.956709
0000000003330,00059.971735
0000000003331,00059.986775
0000000003332,00060.001786
0000000003333,00060.016835
0000000003334,00060.031770
0000000003335,00060.046706
0000000003336,00060.061735
0000000003337,00060.081760
0000000003338,00060.096724
0000000003339,00060.130594
0000000003340,00060.141682
0000000003341,00060.156582
0000000003342,00060.171822
0000000003343,00060.186602
0000000003344,00060.202224
0000000003345,00060.221781
0000000003346,00060.236583
0000000003347,00060.251638
0000000003348,00060.266736
0000000003349,00060.281629
0000000003350,00060.297143
0000000003351,00060.311723
0000000003352,00060.326776
0000000003353,00060.346783
0000000003354,00060.361757
0000000003355,00060.376659
0000000003356,00060.391736
0000000003357,00060.406735
0000000003358,00060.421687
0000000003359,00060.436786
0000000003360,00060.451736
0000000003361,00060.471777
0000000003362,00060.486739
0000000003363,00060.501742
0000000003364,00060.516809
0000000003365,00060.531746
0000000003366,00060.546794
0000000003367,00060.561723
0000000003368,00060.576700
0000000003369,00060.591710
0000000003370,00060.611780
0000000003371,00060.626735
0000000003372,00060.641873
0000000003373,00060.656696
0000000003374,00060.671842
0000000003375,00060.686721
0000000003376,00060.701759
0000000003377,00060.716599
0000000003378,00060.736809
0000000003379,00060.751648
0000000003380,00060.766748
0000000003381,00060.781729
0000000003382,00060.796695
0000000003383,00060.811648
0000000003384,00060.826652
0000000003385,00060.841736
0000000003386,00060.861765
0000000003387,00060.876768
0000000003388,00060.891709
0000000003389,00060.906720
0000000003390,00060.921730
0000000003391,00060.936749
0000000003392,00060.951779
0000000003393,00060.966830
0000000003394,00060.981650
0000000003395,00061.001773
0000000003396,00061.016707
0000000003397,00061.031657
0000000003398,00061.046742
0000000003399,00061.061790
0000000003400,00061.076612
0000000003401,00061.091674
0000000003402,00061.106751
0000000003403,00061.126748
0000000003404,00061.141780
0000000003405,00061.156723
0000000003406,00061.171703
0000000003407,00061.186745
0000000003408,00061.201746
0000000003409,00061.216770
0000000003410,00061.231657
0000000003411,00061.251840
0000000003412,00061.266746
0000000003413,00061.281852
0000000003414,00061.296703
0000000003415,00061.321593
0000000003416,00061.347559
0000000003417,00061.373953
0000000003418,00061.398357
0000000003419,00061.425311
0000000003420,00061.449962
0000000003421,00061.473104
0000000003422,00061.497303
0000000003423,00061.520126
0000000003424,00061.546605
0000000003425,00061.569900
0000000003426,00061.593252
0000000003427,00061.616351
0000000003428,00061.639230
0000000003429,00061.662602
0000000003430,00061.686687
0000000003431,00061.712907
0000000003432,00061.739761
0000000003433,00061.763490
0000000003434,00061.786212
0000000003435,00061.809755
0000000003436,00061.836541
0000000003437,00061.859975
0000000003438,00061.883322
0000000003439,00061.906604
0000000003440,00061.932481
0000000003441,00061.956077
0000000003442,00061.978984
0000000003443,00062.003959
0000000003444,00062.026762
0000000003445,00062.053965
0000000003446,00062.077624
0000000003447,00062.100611
0000000003448,00062.123942
0000000003449,00062.148286
0000000003450,00062.172262
0000000003451,00062.197870
0000000003452,00062.224945
0000000003453,00062.248108
0000000003454,00062.273433
0000000003455,00062.298740
0000000003456,00062.322215
0000000003457,00062.345370
0000000003458,00062.371045
0000000003459,00062.394092
0000000003460,00062.417466
0000000003461,00062.444002
0000000003462,00062.469713
0000000003463,00062.496115
0000000003464,00062.519246
0000000003465,00062.542443
0000000003466,00062.567393
0000000003467,00062.590654
0000000003468,00062.622730
0000000003469,00062.646960
0000000003470,00062.670413
0000000003471,00062.695236
0000000003472,00062.718779
0000000003473,00062.742920
0000000003474,00062.766311
0000000003475,00062.790304
0000000003476,00062.815928
0000000003477,00062.838991
0000000003478,00062.862169
0000000003479,00062.871822
0000000003480,00062.886875
0000000003481,00062.901731
0000000003482,00062.916810
0000000003483,00062.931780
0000000003484,00062.951755
0000000003485,00062.966887
0000000003486,00062.981841
0000000003487,00062.996833
0000000003488,00063.011771
0000000003489,00063.026845
0000000003490,00063.041685
0000000003491,00063.056769
0000000003492,00063.076840
0000000003493,00063.091730
0000000003494,00063.106904
0000000003495,00063.121850
0000000003496,00063.136753
0000000003497,00063.151898
0000000003498,00063.166884
0000000003499,00063.181835
0000000003500,00063.201863
0000000003501,00063.216815
0000000003502,00063.231706
0000000003503,00063.246866
0000000003504,00063.261936
0000000003505,00063.276788
0000000003506,00063.291860
0000000003507,00063.306913
0000000003508,00063.321778
0000000003509,00063.341774
0000000003510,00063.356832
0000000003511,00063.371875
0000000003512,00063.386841
0000000003513,00063.401921
0000000003514,00063.416825
0000000003515,00063.431707
0000000003516,00063.446774
0000000003517,00063.466813
0000000003518,00063.481813
0000000003519,00063.496798
0000000003520,00063.511780
0000000003521,00063.526903
0000000003522,00063.541814
0000000003523,00063.556816
0000000003524,00063.571769
0000000003525,00063.591842
0000000003526,00063.606808
0000000003527,00063.621858
0000000003528,00063.636820
0000000003529,00063.651865
0000000003530,00063.666909
0000000003531,00063.681839
0000000003532,00063.696749
0000000003533,00063.711669
0000000003534,00063.731815
0000000003535,00063.746818
0000000003536,00063.761872
0000000003537,00063.776789
0000000003538,00063.791783
0000000003539,00063.853508
0000000003540,00063.865953
0000000003541,00063.905394
0000000003542,00063.916806
0000000003543,00063.931705
0000000003544,00063.946743
0000000003545,00063.961772
0000000003546,00063.976732
0000000003547,00063.996773
0000000003548,00064.011779
0000000003549,00064.026746
0000000003550,00064.041806
0000000003551,00064.056786
0000000003552,00064.071726
0000000003553,00064.086725
0000000003554,00064.101786
0000000003555,00064.121750
0000000003556,00064.136923
0000000003557,00064.151814
0000000003558,00064.166764
0000000003559,00064.181781
0000000003560,00064.196787
0000000003561,00064.211665
0000000003562,00064.226743
0000000003563,00064.246830
0000000003564,00064.261674
0000000003565,00064.276788
0000000003566,00064.291720
0000000003567,00064.306735
0000000003568,00064.321748
0000000003569,00064.336791
0000000003570,00064.351725
0000000003571,00064.366718
0000000003572,00064.386759
0000000003573,00064.401724
0000000003574,00064.416805
0000000003575,00064.431724
0000000003576,00064.446713
0000000003577,00064.461760
0000000003578,00064.476816
0000000003579,00064.491718
0000000003580,00064.511798
0000000003581,00064.526803
0000000003582,00064.541691
0000000003583,00064.556837
0000000003584,00064.571746
0000000003585,00064.586729
0000000003586,00064.601761
0000000003587,00064.616819
0000000003588,00064.636736
0000000003589,00064.651805
0000000003590,00064.666796
0000000003591,00064.681731
0000000003592,00064.696926
0000000003593,00064.711888
0000000003594,00064.726827
0000000003595,00064.741815
0000000003596,00064.756891
0000000003597,00064.776892
0000000003598,00064.791916
0000000003599,00064.806883
0000000003600,00064.821816
0000000003601,00064.836795
0000000003602,00064.851969
0000000003603,00064.866818
0000000003604,00064.881816
0000000003605,00064.901888
0000000003606,00064.916814
0000000003607,00064.931940
0000000003608,00064.946830
0000000003609,00064.961874
0000000003610,00064.976923
0000000003611,00064.991914
0000000003612,00065.006821
0000000003613,00065.026897
0000000003614,00065.041939
0000000003615,00065.056818
0000000003616,00065.071947
0000000003617,00065.086933
0000000003618,00065.101874
0000000003619,00065.116875
0000000003620,00065.131841
0000000003621,00065.146875
0000000003622,00065.166960
0000000003623,00065.181940
0000000003624,00065.196878
0000000003625,00065.212035
0000000003626,00065.238016
0000000003627,00065.261365
0000000003628,00065.286214
0000000003629,00065.309494
0000000003630,00065.334691
0000000003631,00065.359985
0000000003632,00065.383555
0000000003633,00065.408440
0000000003634,00065.431641
0000000003635,00065.455399
0000000003636,00065.480648
0000000003637,00065.503915
0000000003638,00065.527585
0000000003639,00065.550447
0000000003640,00065.576789
0000000003641,00065.599828
0000000003642,00065.626636
0000000003643,00065.649976
0000000003644,00065.673935
0000000003645,00065.697302
0000000003646,00065.720115
0000000003647,00065.743845
0000000003648,00065.766660
0000000003649,00065.791045
0000000003650,00065.814391
0000000003651,00065.840187
0000000003652,00065.863103
0000000003653,00065.889165
0000000003654,00065.914258
0000000003655,00065.939737
0000000003656,00065.966765
0000000003657,00065.989628
0000000003658,00066.016216
0000000003659,00066.039539
0000000003660,00066.062650
0000000003661,00066.085743
0000000003662,00066.111091
0000000003663,00066.134354
0000000003664,00066.159967
0000000003665,00066.185462
0000000003666,00066.209718
0000000003667,00066.232319
0000000003668,00066.262231
0000000003669,00066.284848
0000000003670,00066.308614
0000000003671,00066.331304
0000000003672,00066.357050
0000000003673,00066.379890
0000000003674,00066.406738
0000000003675,00066.429958
0000000003676,00066.453003
0000000003677,00066.476066
0000000003678,00066.499113
0000000003679,00066.523466
0000000003680,00066.549529
0000000003681,00066.575253
0000000003682,00066.598759
0000000003683,00066.621749
0000000003684,00066.644583
0000000003685,00066.671661
0000000003686,00066.694930
0000000003687,00066.720196
0000000003688,00066.743455
0000000003689,00066.766723
0000000003690,00066.790059
0000000003691,00066.814100
0000000003692,00066.840840
0000000003693,00066.865038
0000000003694,00066.887887
0000000003695,00066.912433
0000000003696,00066.935755
0000000003697,00066.959596
0000000003698,00066.982672
0000000003699,00067.006091
0000000003700,00067.029410
0000000003701,00067.052352
0000000003702,00067.078886
0000000003703,00067.105456
0000000003704,00067.128461
0000000003705,00067.151565
0000000003706,00067.174638
0000000003707,00067.197914
0000000003708,00067.221798
0000000003709,00067.244934
0000000003710,00067.267692
0000000003711,00067.293310
0000000003712,00067.316171
0000000003713,00067.339682
0000000003714,00067.362922
0000000003715,00067.389070
0000000003716,00067.412085
0000000003717,00067.434627
0000000003718,00067.458491
0000000003719,00067.481240
0000000003720,00067.506505
0000000003721,00067.529332
0000000003722,00067.556138
0000000003723,00067.579084
0000000003724,00067.603462
0000000003725,00067.628929
0000000003726,00067.651944
0000000003727,00067.675773
0000000003728,00067.698828
0000000003729,00067.721680
0000000003730,00067.748386
0000000003731,00067.771619
0000000003732,00067.795877
0000000003733,00067.818601
0000000003734,00067.841935
0000000003735,00067.865077
0000000003736,00067.890002
0000000003737,00067.912909
0000000003738,00067.936101
0000000003739,00067.962820
0000000003740,00068.029175
0000000003741,00068.051061
0000000003742,00068.072779
0000000003743,00068.094622
0000000003744,00068.117258
0000000003745,00068.140868
0000000003746,00068.163367
0000000003747,00068.186367
0000000003748,00068.208664
0000000003749,00068.234120
0000000003750,00068.256782
0000000003751,00068.278849
0000000003752,00068.301687
0000000003753,00068.331635
0000000003754,00068.357044
0000000003755,00068.363974
0000000003756,00068.378926
0000000003757,00068.394021
0000000003758,00068.409045
0000000003759,00068.423867
0000000003760,00068.438911
0000000003761,00068.454021
0000000003762,00068.473877
0000000003763,00068.488994
0000000003764,00068.504010
0000000003765,00068.518962
0000000003766,00068.533976
0000000003767,00068.548905
0000000003768,00068.563953
0000000003769,00068.579052
0000000003770,00068.599074
0000000003771,00068.613908
0000000003772,00068.629031
0000000003773,00068.644016
0000000003774,00068.659049
0000000003775,00068.673992
0000000003776,00068.689018
0000000003777,00068.703886
0000000003778,00068.724102
0000000003779,00068.739049
0000000003780,00068.753990
0000000003781,00068.769041
0000000003782,00068.784094
0000000003783,00068.798989
0000000003784,00068.814022
0000000003785,00068.829015
0000000003786,00068.843944
0000000003787,00068.864044
0000000003788,00068.879028
0000000003789,00068.894058
0000000003790,00068.909012
0000000003791,00068.923986
0000000003792,00068.938951
0000000003793,00068.953967
0000000003794,00068.968907
0000000003795,00068.989013
0000000003796,00069.004027
0000000003797,00069.019064
0000000003798,00069.033949
0000000003799,00069.049046
0000000003800,00069.063952
0000000003801,00069.079001
0000000003802,00069.094009
0000000003803,00069.114099
0000000003804,00069.128950
0000000003805,00069.144032
0000000003806,00069.159028
0000000003807,00069.173995
0000000003808,00069.189005
0000000003809,00069.204005
0000000003810,00069.218981
0000000003811,00069.233952
0000000003812,00069.254042
0000000003813,00069.269018
0000000003814,00069.284078
0000000003815,00069.299061
0000000003816,00069.313937
0000000003817,00069.329015
0000000003818,00069.344074
0000000003819,00069.359066
0000000003820,00069.379047
0000000003821,00069.394047
0000000003822,00069.408936
0000000003823,00069.424065
0000000003824,00069.439053
0000000003825,00069.453999
0000000003826,00069.468973
0000000003827,00069.483963
0000000003828,00069.503992
0000000003829,00069.519098
0000000003830,00069.533966
0000000003831,00069.548926
0000000003832,00069.564018
0000000003833,00069.579018
0000000003834,00069.593975
0000000003835,00069.608971
0000000003836,00069.624001
0000000003837,00069.644099
0000000003838,00069.659061
0000000003839,00069.674169
0000000003840,00069.689037
0000000003841,00069.704029
0000000003842,00069.719023
0000000003843,00069.733947
0000000003844,00069.748989
0000000003845,00069.769025
0000000003846,00069.783971
0000000003847,00069.799045
0000000003848,00069.813994
0000000003849,00069.828930
0000000003850,00069.844049
0000000003851,00069.858983
0000000003852,00069.873947
0000000003853,00069.894176
0000000003854,00069.909004
0000000003855,00069.924115
0000000003856,00069.939122
0000000003857,00069.954096
0000000003858,00069.969019
0000000003859,00069.984028
0000000003860,00069.999111
0000000003861,00070.013957
0000000003862,00070.034127
0000000003863,00070.049016
0000000003864,00070.063969
0000000003865,00070.079043
0000000003866,00070.094041
0000000003867,00070.108999
0000000003868,00070.123919
0000000003869,00070.139177
0000000003870,00070.159061
0000000003871,00070.174081
0000000003872,00070.189140
0000000003873,00070.204008
0000000003874,00070.219106
0000000003875,00070.234092
0000000003876,00070.249020
0000000003877,00070.264013
0000000003878,00070.283999
0000000003879,00070.299055
0000000003880,00070.314102
0000000003881,00070.329026
0000000003882,00070.344058
0000000003883,00070.358999
0000000003884,00070.374035
0000000003885,00070.389061
0000000003886,00070.403970
0000000003887,00070.424103
0000000003888,00070.439049
0000000003889,00070.454079
0000000003890,00070.469020
0000000003891,00070.484012
0000000003892,00070.499026
0000000003893,00070.514038
0000000003894,00070.529030
0000000003895,00070.549130
0000000003896,00070.564114
0000000003897,00070.579043
0000000003898,00070.594071
0000000003899,00070.609159
0000000003900,00070.624059
0000000003901,00070.638970
0000000003902,00070.654009
0000000003903,00070.674097
0000000003904,00070.696964
0000000003905,00070.720192
0000000003906,00070.745510
0000000003907,00070.770119
0000000003908,00070.793927
0000000003909,00070.816879
0000000003910,00070.840926
0000000003911,00070.867446
0000000003912,00070.893481
0000000003913,00070.916148
0000000003914,00070.943001
0000000003915,00070.966083
0000000003916,00070.992745
0000000003917,00071.018453
0000000003918,00071.045128
0000000003919,00071.069028
0000000003920,00071.091933
0000000003921,00071.115063
0000000003922,00071.140760
0000000003923,00071.163611
0000000003924,00071.186868
0000000003925,00071.213187
0000000003926,00071.236321
0000000003927,00071.261968
0000000003928,00071.288765
0000000003929,00071.312085
0000000003930,00071.334602
0000000003931,00071.359188
0000000003932,00071.382015
0000000003933,00071.407357
0000000003934,00071.431527
0000000003935,00071.458222
0000000003936,00071.483285
0000000003937,00071.510094
0000000003938,00071.533167
0000000003939,00071.620384
0000000003940,00071.684197
0000000003941,00071.706855
0000000003942,00071.730368
0000000003943,00071.752740
0000000003944,00071.775466
0000000003945,00071.800230
0000000003946,00071.822742
0000000003947,00071.845043
0000000003948,00071.867871
0000000003949,00071.890598
0000000003950,00071.912549
0000000003951,00071.935037
0000000003952,00071.958011
0000000003953,00071.983965
0000000003954,00072.013109
0000000003955,00072.039183
0000000003956,00072.062489
0000000003957,00072.085241
0000000003958,00072.108705
0000000003959,00072.134166
0000000003960,00072.157267
0000000003961,00072.180021
0000000003962,00072.205595
0000000003963,00072.229980
0000000003964,00072.255510
0000000003965,00072.263090
0000000003966,00072.278032
0000000003967,00072.293155
0000000003968,00072.308046
0000000003969,00072.323065
