0000000014618,00004.000000
0000000014619,00004.000000
0000000014620,00004.000000
0000000014621,00004.000000
0000000014622,00004.000000
0000000014623,00004.000000
0000000014624,00004.000000
0000000014625,00004.000000
0000000014626,00004.000000
0000000014627,00004.000000
0000000014628,00004.000000
0000000014629,00004.000000
0000000014630,00004.000000
0000000014631,00004.000000
0000000014632,00004.000000
0000000014633,00004.000000
0000000014634,00004.000000
0000000014635,00004.000000
0000000014636,00004.000000
0000000014637,00004.000000
0000000014638,00004.000000
0000000014639,00004.000000
0000000014640,00004.000000
0000000014641,00004.000000
0000000014642,00004.000000
0000000014643,00004.000000
0000000014644,00004.000000
0000000014645,00004.000000
0000000014646,00004.000000
0000000014647,00004.000000
0000000014648,00004.000000
0000000014649,00004.000000
0000000014650,00004.000000
0000000014651,00004.000000
0000000014652,00004.000000
0000000014653,00004.000000
0000000014654,00004.000000
0000000014655,00004.000000
0000000014656,00004.000000
0000000014657,00004.000000
0000000014658,00004.000000
0000000014659,00004.000000
0000000014660,00005.000000
0000000014661,00005.000000
0000000014662,00005.000000
0000000014663,00005.000000
0000000014664,00005.000000
0000000014665,00005.000000
0000000014666,00005.000000
0000000014667,00005.000000
0000000014668,00005.000000
0000000014669,00005.000000
0000000014670,00005.000000
0000000014671,00005.000000
0000000014672,00005.000000
0000000014673,00005.000000
0000000014674,00005.000000
0000000014675,00005.000000
0000000014676,00005.000000
0000000014677,00005.000000
0000000014678,00005.000000
0000000014679,00005.000000
0000000014680,00005.000000
0000000014681,00005.000000
0000000014682,00005.000000
0000000014683,00005.000000
0000000014684,00005.000000
0000000014685,00005.000000
0000000014686,00005.000000
0000000014687,00005.000000
0000000014688,00005.000000
0000000014689,00005.000000
0000000014690,00005.000000
0000000014691,00005.000000
0000000014692,00005.000000
0000000014693,00005.000000
0000000014694,00005.000000
0000000014695,00005.000000
0000000014696,00005.000000
0000000014697,00005.000000
0000000014698,00005.000000
0000000014699,00005.000000
0000000014700,00005.000000
0000000014701,00005.000000
0000000014702,00005.000000
0000000014703,00005.000000
0000000014704,00005.000000
0000000014705,00005.000000
0000000014706,00005.000000
0000000014707,00005.000000
0000000014708,00005.000000
0000000014709,00005.000000
0000000014710,00005.000000
0000000014711,00005.000000
0000000014712,00005.000000
0000000014713,00005.000000
0000000014714,00005.000000
0000000014715,00005.000000
0000000014716,00005.000000
0000000014717,00005.000000
0000000014718,00005.000000
0000000014719,00005.000000
0000000014720,00005.000000
0000000014721,00005.000000
0000000014722,00005.000000
0000000014723,00005.000000
0000000014724,00005.000000
0000000014725,00005.000000
0000000014726,00005.000000
0000000014727,00005.000000
0000000014728,00005.000000
0000000014729,00005.000000
0000000014730,00005.000000
0000000014731,00005.000000
0000000014732,00005.000000
0000000014733,00005.000000
0000000014734,00005.000000
0000000014735,00005.000000
0000000014736,00005.000000
0000000014737,00005.000000
0000000014738,00005.000000
0000000014739,00005.000000
0000000014740,00005.000000
0000000014741,00005.000000
0000000014742,00005.000000
0000000014743,00005.000000
0000000014744,00005.000000
0000000014745,00005.000000
0000000014746,00005.000000
0000000014747,00005.000000
0000000014748,00005.000000
0000000014749,00005.000000
0000000014750,00005.000000
0000000014751,00005.000000
0000000014752,00005.000000
0000000014753,00005.000000
0000000014754,00005.000000
0000000014755,00005.000000
0000000014756,00005.000000
0000000014757,00005.000000
0000000014758,00005.000000
0000000014759,00005.000000
0000000014760,00005.000000
0000000014761,00005.000000
0000000014762,00005.000000
0000000014763,00005.000000
0000000014764,00005.000000
0000000014765,00005.000000
0000000014766,00005.000000
0000000014767,00005.000000
0000000014768,00005.000000
0000000014769,00005.000000
0000000014770,00005.000000
0000000014771,00005.000000
0000000014772,00005.000000
0000000014773,00005.000000
0000000014774,00005.000000
0000000014775,00005.000000
0000000014776,00005.000000
0000000014777,00005.000000
0000000014778,00005.000000
0000000014779,00005.000000
0000000014780,00005.000000
0000000014781,00005.000000
0000000014782,00005.000000
0000000014783,00005.000000
0000000014784,00005.000000
0000000014785,00005.000000
0000000014786,00005.000000
0000000014787,00005.000000
0000000014788,00005.000000
0000000014789,00005.000000
0000000014790,00005.000000
0000000014791,00005.000000
0000000014792,00005.000000
0000000014793,00005.000000
0000000014794,00005.000000
0000000014795,00005.000000
0000000014796,00005.000000
0000000014797,00005.000000
0000000014798,00005.000000
0000000014799,00005.000000
0000000014800,00005.000000
0000000014801,00005.000000
0000000014802,00005.000000
0000000014803,00005.000000
0000000014804,00005.000000
0000000014805,00005.000000
0000000014806,00005.000000
0000000014807,00005.000000
0000000014808,00005.000000
0000000014809,00005.000000
0000000014810,00005.000000
0000000014811,00005.000000
0000000014812,00005.000000
0000000014813,00005.000000
0000000014814,00005.000000
0000000014815,00005.000000
0000000014816,00005.000000
0000000014817,00005.000000
0000000014818,00005.000000
0000000014819,00005.000000
0000000014820,00005.000000
0000000014821,00005.000000
0000000014822,00005.000000
0000000014823,00005.000000
0000000014824,00005.000000
0000000014825,00005.000000
0000000014826,00005.000000
0000000014827,00005.000000
0000000014828,00005.000000
0000000014829,00005.000000
0000000014830,00005.000000
0000000014831,00005.000000
0000000014832,00005.000000
0000000014833,00005.000000
0000000014834,00005.000000
0000000014835,00005.000000
0000000014836,00005.000000
0000000014837,00005.000000
0000000014838,00005.000000
0000000014839,00005.000000
0000000014840,00005.000000
0000000014841,00005.000000
0000000014842,00005.000000
0000000014843,00005.000000
0000000014844,00005.000000
0000000014845,00005.000000
0000000014846,00005.000000
0000000014847,00005.000000
0000000014848,00005.000000
0000000014849,00005.000000
0000000014850,00005.000000
0000000014851,00005.000000
0000000014852,00005.000000
0000000014853,00005.000000
0000000014854,00005.000000
0000000014855,00005.000000
0000000014856,00005.000000
0000000014857,00005.000000
0000000014858,00005.000000
0000000014859,00005.000000
0000000014860,00005.000000
0000000014861,00005.000000
0000000014862,00005.000000
0000000014863,00005.000000
0000000014864,00005.000000
0000000014865,00005.000000
0000000014866,00005.000000
0000000014867,00005.000000
0000000014868,00005.000000
0000000014869,00005.000000
0000000014870,00005.000000
0000000014871,00005.000000
0000000014872,00005.000000
0000000014873,00005.000000
0000000014874,00005.000000
0000000014875,00005.000000
0000000014876,00005.000000
0000000014877,00005.000000
0000000014878,00005.000000
0000000014879,00005.000000
0000000014880,00005.000000
0000000014881,00005.000000
0000000014882,00005.000000
0000000014883,00005.000000
0000000014884,00005.000000
0000000014885,00005.000000
0000000014886,00005.000000
0000000014887,00005.000000
0000000014888,00005.000000
0000000014889,00005.000000
0000000014890,00005.000000
0000000014891,00005.000000
0000000014892,00005.000000
0000000014893,00005.000000
0000000014894,00005.000000
0000000014895,00005.000000
0000000014896,00005.000000
0000000014897,00005.000000
0000000014898,00005.000000
0000000014899,00005.000000
0000000014900,00005.000000
0000000014901,00005.000000
0000000014902,00005.000000
0000000014903,00005.000000
0000000014904,00005.000000
0000000014905,00005.000000
0000000014906,00005.000000
0000000014907,00005.000000
0000000014908,00005.000000
0000000014909,00005.000000
0000000014910,00005.000000
0000000014911,00005.000000
0000000014912,00005.000000
0000000014913,00005.000000
0000000014914,00005.000000
0000000014915,00005.000000
0000000014916,00005.000000
0000000014917,00005.000000
0000000014918,00005.000000
0000000014919,00005.000000
0000000014920,00005.000000
0000000014921,00005.000000
0000000014922,00005.000000
0000000014923,00005.000000
0000000014924,00005.000000
0000000014925,00005.000000
0000000014926,00005.000000
0000000014927,00005.000000
0000000014928,00005.000000
0000000014929,00005.000000
0000000014930,00005.000000
0000000014931,00005.000000
0000000014932,00005.000000
0000000014933,00005.000000
0000000014934,00005.000000
0000000014935,00005.000000
0000000014936,00005.000000
0000000014937,00005.000000
0000000014938,00005.000000
0000000014939,00005.000000
0000000014940,00005.000000
0000000014941,00005.000000
0000000014942,00005.000000
0000000014943,00005.000000
0000000014944,00005.000000
0000000014945,00005.000000
0000000014946,00005.000000
0000000014947,00005.000000
0000000014948,00005.000000
0000000014949,00005.000000
0000000014950,00005.000000
0000000014951,00005.000000
0000000014952,00005.000000
0000000014953,00005.000000
0000000014954,00005.000000
0000000014955,00005.000000
0000000014956,00005.000000
0000000014957,00005.000000
0000000014958,00005.000000
0000000014959,00005.000000
0000000014960,00005.000000
0000000014961,00005.000000
0000000014962,00005.000000
0000000014963,00005.000000
0000000014964,00005.000000
0000000014965,00005.000000
0000000014966,00005.000000
0000000014967,00005.000000
0000000014968,00005.000000
0000000014969,00005.000000
0000000014970,00005.000000
0000000014971,00005.000000
0000000014972,00005.000000
0000000014973,00005.000000
0000000014974,00005.000000
0000000014975,00005.000000
0000000014976,00005.000000
0000000014977,00005.000000
0000000014978,00005.000000
0000000014979,00005.000000
0000000014980,00005.000000
0000000014981,00005.000000
0000000014982,00005.000000
0000000014983,00005.000000
0000000014984,00005.000000
0000000014985,00005.000000
0000000014986,00005.000000
0000000014987,00005.000000
0000000014988,00005.000000
0000000014989,00005.000000
0000000014990,00005.000000
0000000014991,00005.000000
0000000014992,00005.000000
0000000014993,00005.000000
0000000014994,00005.000000
0000000014995,00005.000000
0000000014996,00005.000000
0000000014997,00005.000000
0000000014998,00005.000000
0000000014999,00005.000000
0000000015000,00005.000000
0000000015001,00005.000000
0000000015002,00005.000000
0000000015003,00005.000000
0000000015004,00005.000000
0000000015005,00005.000000
0000000015006,00005.000000
0000000015007,00005.000000
0000000015008,00005.000000
0000000015009,00005.000000
0000000015010,00005.000000
0000000015011,00005.000000
0000000015012,00005.000000
0000000015013,00005.000000
0000000015014,00005.000000
0000000015015,00005.000000
0000000015016,00005.000000
0000000015017,00005.000000
0000000015018,00005.000000
0000000015019,00005.000000
0000000015020,00005.000000
0000000015021,00005.000000
0000000015022,00005.000000
0000000015023,00005.000000
0000000015024,00005.000000
0000000015025,00005.000000
0000000015026,00005.000000
0000000015027,00005.000000
0000000015028,00005.000000
0000000015029,00005.000000
0000000015030,00005.000000
0000000015031,00005.000000
0000000015032,00005.000000
0000000015033,00005.000000
0000000015034,00005.000000
0000000015035,00005.000000
0000000015036,00005.000000
0000000015037,00005.000000
0000000015038,00005.000000
0000000015039,00005.000000
0000000015040,00005.000000
0000000015041,00005.000000
0000000015042,00005.000000
0000000015043,00005.000000
0000000015044,00005.000000
0000000015045,00005.000000
0000000015046,00005.000000
0000000015047,00005.000000
0000000015048,00005.000000
0000000015049,00005.000000
0000000015050,00005.000000
0000000015051,00005.000000
0000000015052,00005.000000
0000000015053,00005.000000
0000000015054,00005.000000
0000000015055,00005.000000
0000000015056,00005.000000
0000000015057,00005.000000
0000000015058,00005.000000
0000000015059,00005.000000
0000000015060,00005.000000
0000000015061,00005.000000
0000000015062,00005.000000
0000000015063,00005.000000
0000000015064,00005.000000
0000000015065,00005.000000
0000000015066,00005.000000
0000000015067,00005.000000
0000000015068,00005.000000
0000000015069,00005.000000
0000000015070,00005.000000
0000000015071,00005.000000
0000000015072,00005.000000
0000000015073,00005.000000
0000000015074,00005.000000
0000000015075,00005.000000
0000000015076,00005.000000
0000000015077,00005.000000
0000000015078,00005.000000
0000000015079,00005.000000
0000000015080,00005.000000
0000000015081,00005.000000
0000000015082,00005.000000
0000000015083,00005.000000
0000000015084,00005.000000
0000000015085,00005.000000
0000000015086,00005.000000
0000000015087,00005.000000
0000000015088,00005.000000
0000000015089,00005.000000
0000000015090,00005.000000
0000000015091,00005.000000
0000000015092,00005.000000
0000000015093,00005.000000
0000000015094,00005.000000
0000000015095,00005.000000
0000000015096,00005.000000
0000000015097,00005.000000
0000000015098,00005.000000
0000000015099,00005.000000
0000000015100,00005.000000
0000000015101,00005.000000
0000000015102,00005.000000
0000000015103,00005.000000
0000000015104,00005.000000
0000000015105,00005.000000
0000000015106,00005.000000
0000000015107,00005.000000
0000000015108,00005.000000
0000000015109,00005.000000
0000000015110,00005.000000
0000000015111,00005.000000
0000000015112,00005.000000
0000000015113,00005.000000
0000000015114,00005.000000
0000000015115,00005.000000
0000000015116,00005.000000
0000000015117,00005.000000
0000000015118,00005.000000
0000000015119,00005.000000
0000000015120,00005.000000
0000000015121,00005.000000
0000000015122,00005.000000
0000000015123,00005.000000
0000000015124,00005.000000
0000000015125,00005.000000
0000000015126,00005.000000
0000000015127,00005.000000
0000000015128,00005.000000
0000000015129,00005.000000
0000000015130,00005.000000
0000000015131,00005.000000
0000000015132,00005.000000
0000000015133,00005.000000
0000000015134,00005.000000
0000000015135,00005.000000
0000000015136,00005.000000
0000000015137,00005.000000
0000000015138,00005.000000
0000000015139,00005.000000
0000000015140,00005.000000
0000000015141,00005.000000
0000000015142,00005.000000
0000000015143,00005.000000
0000000015144,00005.000000
0000000015145,00005.000000
0000000015146,00005.000000
0000000015147,00005.000000
0000000015148,00005.000000
0000000015149,00005.000000
0000000015150,00005.000000
0000000015151,00005.000000
0000000015152,00005.000000
0000000015153,00005.000000
0000000015154,00005.000000
0000000015155,00005.000000
0000000015156,00005.000000
0000000015157,00005.000000
0000000015158,00005.000000
0000000015159,00005.000000
0000000015160,00005.000000
0000000015161,00005.000000
0000000015162,00005.000000
0000000015163,00005.000000
0000000015164,00005.000000
0000000015165,00005.000000
0000000015166,00005.000000
0000000015167,00005.000000
0000000015168,00005.000000
0000000015169,00005.000000
0000000015170,00005.000000
0000000015171,00005.000000
0000000015172,00005.000000
0000000015173,00005.000000
0000000015174,00005.000000
0000000015175,00005.000000
0000000015176,00005.000000
0000000015177,00005.000000
0000000015178,00005.000000
0000000015179,00005.000000
0000000015180,00005.000000
0000000015181,00005.000000
0000000015182,00005.000000
0000000015183,00005.000000
0000000015184,00005.000000
0000000015185,00005.000000
0000000015186,00005.000000
0000000015187,00005.000000
0000000015188,00005.000000
0000000015189,00005.000000
0000000015190,00005.000000
0000000015191,00005.000000
0000000015192,00005.000000
0000000015193,00005.000000
0000000015194,00005.000000
0000000015195,00005.000000
0000000015196,00005.000000
0000000015197,00005.000000
0000000015198,00005.000000
0000000015199,00005.000000
0000000015200,00005.000000
0000000015201,00005.000000
0000000015202,00005.000000
0000000015203,00005.000000
0000000015204,00005.000000
0000000015205,00005.000000
0000000015206,00005.000000
0000000015207,00005.000000
0000000015208,00005.000000
0000000015209,00005.000000
0000000015210,00005.000000
0000000015211,00005.000000
0000000015212,00005.000000
0000000015213,00005.000000
0000000015214,00005.000000
0000000015215,00005.000000
0000000015216,00005.000000
0000000015217,00005.000000
0000000015218,00005.000000
0000000015219,00005.000000
0000000015220,00005.000000
0000000015221,00005.000000
0000000015222,00005.000000
0000000015223,00005.000000
0000000015224,00005.000000
0000000015225,00005.000000
0000000015226,00005.000000
0000000015227,00005.000000
0000000015228,00005.000000
0000000015229,00005.000000
0000000015230,00005.000000
0000000015231,00005.000000
0000000015232,00005.000000
0000000015233,00005.000000
0000000015234,00005.000000
0000000015235,00005.000000
0000000015236,00005.000000
0000000015237,00005.000000
0000000015238,00005.000000
0000000015239,00005.000000
0000000015240,00005.000000
0000000015241,00005.000000
0000000015242,00005.000000
0000000015243,00005.000000
0000000015244,00005.000000
0000000015245,00005.000000
0000000015246,00005.000000
0000000015247,00005.000000
0000000015248,00005.000000
0000000015249,00005.000000
0000000015250,00005.000000
0000000015251,00005.000000
0000000015252,00005.000000
0000000015253,00005.000000
0000000015254,00005.000000
0000000015255,00005.000000
0000000015256,00005.000000
0000000015257,00005.000000
0000000015258,00005.000000
0000000015259,00005.000000
0000000015260,00005.000000
0000000015261,00005.000000
0000000015262,00005.000000
0000000015263,00005.000000
0000000015264,00005.000000
0000000015265,00005.000000
0000000015266,00005.000000
0000000015267,00005.000000
0000000015268,00005.000000
0000000015269,00005.000000
0000000015270,00005.000000
0000000015271,00005.000000
0000000015272,00005.000000
0000000015273,00005.000000
0000000015274,00005.000000
0000000015275,00005.000000
0000000015276,00005.000000
0000000015277,00005.000000
0000000015278,00005.000000
0000000015279,00005.000000
0000000015280,00005.000000
0000000015281,00005.000000
0000000015282,00005.000000
0000000015283,00005.000000
0000000015284,00005.000000
0000000015285,00005.000000
0000000015286,00005.000000
0000000015287,00005.000000
0000000015288,00005.000000
0000000015289,00005.000000
0000000015290,00005.000000
0000000015291,00005.000000
0000000015292,00005.000000
0000000015293,00005.000000
0000000015294,00005.000000
0000000015295,00005.000000
0000000015296,00005.000000
0000000015297,00005.000000
0000000015298,00005.000000
0000000015299,00005.000000
0000000015300,00005.000000
0000000015301,00005.000000
0000000015302,00005.000000
0000000015303,00005.000000
0000000015304,00005.000000
0000000015305,00005.000000
0000000015306,00005.000000
0000000015307,00005.000000
0000000015308,00005.000000
0000000015309,00005.000000
0000000015310,00005.000000
0000000015311,00005.000000
0000000015312,00005.000000
0000000015313,00005.000000
0000000015314,00005.000000
0000000015315,00005.000000
0000000015316,00005.000000
0000000015317,00005.000000
0000000015318,00005.000000
0000000015319,00005.000000
0000000015320,00005.000000
0000000015321,00005.000000
0000000015322,00005.000000
0000000015323,00005.000000
0000000015324,00005.000000
0000000015325,00005.000000
0000000015326,00005.000000
0000000015327,00005.000000
0000000015328,00005.000000
0000000015329,00005.000000
0000000015330,00005.000000
0000000015331,00005.000000
0000000015332,00005.000000
0000000015333,00005.000000
0000000015334,00005.000000
0000000015335,00005.000000
0000000015336,00005.000000
0000000015337,00005.000000
0000000015338,00005.000000
0000000015339,00005.000000
0000000015340,00005.000000
0000000015341,00005.000000
0000000015342,00005.000000
0000000015343,00005.000000
0000000015344,00005.000000
0000000015345,00005.000000
0000000015346,00005.000000
0000000015347,00005.000000
0000000015348,00005.000000
0000000015349,00005.000000
0000000015350,00005.000000
0000000015351,00005.000000
0000000015352,00005.000000
0000000015353,00005.000000
0000000015354,00005.000000
0000000015355,00005.000000
0000000015356,00005.000000
0000000015357,00005.000000
0000000015358,00005.000000
0000000015359,00005.000000
0000000015360,00005.000000
0000000015361,00005.000000
0000000015362,00005.000000
0000000015363,00005.000000
0000000015364,00005.000000
0000000015365,00005.000000
0000000015366,00005.000000
0000000015367,00005.000000
0000000015368,00005.000000
0000000015369,00005.000000
0000000015370,00005.000000
0000000015371,00005.000000
0000000015372,00005.000000
0000000015373,00005.000000
0000000015374,00005.000000
0000000015375,00005.000000
0000000015376,00005.000000
0000000015377,00005.000000
0000000015378,00005.000000
0000000015379,00005.000000
0000000015380,00005.000000
0000000015381,00005.000000
0000000015382,00005.000000
0000000015383,00005.000000
0000000015384,00005.000000
0000000015385,00005.000000
0000000015386,00005.000000
0000000015387,00005.000000
0000000015388,00005.000000
0000000015389,00005.000000
0000000015390,00005.000000
0000000015391,00005.000000
0000000015392,00005.000000
0000000015393,00005.000000
0000000015394,00005.000000
0000000015395,00005.000000
0000000015396,00005.000000
0000000015397,00005.000000
0000000015398,00005.000000
0000000015399,00005.000000
0000000015400,00005.000000
0000000015401,00005.000000
0000000015402,00005.000000
0000000015403,00005.000000
0000000015404,00005.000000
0000000015405,00005.000000
0000000015406,00005.000000
0000000015407,00005.000000
0000000015408,00005.000000
0000000015409,00005.000000
0000000015410,00005.000000
0000000015411,00005.000000
0000000015412,00005.000000
0000000015413,00005.000000
0000000015414,00005.000000
0000000015415,00005.000000
0000000015416,00005.000000
0000000015417,00005.000000
0000000015418,00005.000000
0000000015419,00005.000000
0000000015420,00005.000000
0000000015421,00005.000000
0000000015422,00005.000000
0000000015423,00005.000000
0000000015424,00005.000000
0000000015425,00005.000000
0000000015426,00005.000000
0000000015427,00005.000000
0000000015428,00005.000000
0000000015429,00005.000000
0000000015430,00005.000000
0000000015431,00005.000000
0000000015432,00005.000000
0000000015433,00005.000000
0000000015434,00005.000000
0000000015435,00005.000000
0000000015436,00005.000000
0000000015437,00005.000000
0000000015438,00005.000000
0000000015439,00005.000000
0000000015440,00005.000000
0000000015441,00005.000000
0000000015442,00005.000000
0000000015443,00005.000000
0000000015444,00005.000000
0000000015445,00005.000000
0000000015446,00005.000000
0000000015447,00005.000000
0000000015448,00005.000000
0000000015449,00005.000000
0000000015450,00005.000000
0000000015451,00005.000000
0000000015452,00005.000000
0000000015453,00005.000000
0000000015454,00005.000000
0000000015455,00005.000000
0000000015456,00005.000000
0000000015457,00005.000000
0000000015458,00005.000000
0000000015459,00005.000000
0000000015460,00005.000000
0000000015461,00005.000000
0000000015462,00005.000000
0000000015463,00005.000000
0000000015464,00005.000000
0000000015465,00005.000000
0000000015466,00005.000000
0000000015467,00005.000000
0000000015468,00005.000000
0000000015469,00005.000000
0000000015470,00005.000000
0000000015471,00005.000000
0000000015472,00005.000000
0000000015473,00005.000000
0000000015474,00005.000000
0000000015475,00005.000000
0000000015476,00005.000000
0000000015477,00005.000000
0000000015478,00005.000000
0000000015479,00005.000000
0000000015480,00005.000000
0000000015481,00005.000000
0000000015482,00005.000000
0000000015483,00005.000000
0000000015484,00005.000000
0000000015485,00005.000000
0000000015486,00005.000000
0000000015487,00005.000000
0000000015488,00005.000000
0000000015489,00005.000000
0000000015490,00005.000000
0000000015491,00005.000000
0000000015492,00005.000000
0000000015493,00005.000000
0000000015494,00005.000000
0000000015495,00005.000000
0000000015496,00005.000000
0000000015497,00005.000000
0000000015498,00005.000000
0000000015499,00005.000000
0000000015500,00005.000000
0000000015501,00005.000000
0000000015502,00005.000000
0000000015503,00005.000000
0000000015504,00005.000000
0000000015505,00005.000000
0000000015506,00005.000000
0000000015507,00005.000000
0000000015508,00005.000000
0000000015509,00005.000000
0000000015510,00005.000000
0000000015511,00005.000000
0000000015512,00005.000000
0000000015513,00005.000000
0000000015514,00005.000000
0000000015515,00005.000000
0000000015516,00005.000000
0000000015517,00005.000000
0000000015518,00005.000000
0000000015519,00005.000000
0000000015520,00005.000000
0000000015521,00005.000000
0000000015522,00005.000000
0000000015523,00005.000000
0000000015524,00005.000000
0000000015525,00005.000000
0000000015526,00005.000000
0000000015527,00005.000000
0000000015528,00005.000000
0000000015529,00005.000000
0000000015530,00005.000000
0000000015531,00005.000000
0000000015532,00005.000000
0000000015533,00005.000000
0000000015534,00005.000000
0000000015535,00005.000000
0000000015536,00005.000000
0000000015537,00005.000000
0000000015538,00005.000000
0000000015539,00005.000000
0000000015540,00005.000000
0000000015541,00005.000000
0000000015542,00005.000000
0000000015543,00005.000000
0000000015544,00005.000000
0000000015545,00005.000000
0000000015546,00005.000000
0000000015547,00005.000000
0000000015548,00005.000000
0000000015549,00005.000000
0000000015550,00005.000000
0000000015551,00005.000000
0000000015552,00005.000000
0000000015553,00005.000000
0000000015554,00005.000000
0000000015555,00005.000000
0000000015556,00005.000000
0000000015557,00005.000000
0000000015558,00005.000000
0000000015559,00005.000000
0000000015560,00005.000000
0000000015561,00005.000000
0000000015562,00005.000000
0000000015563,00005.000000
0000000015564,00005.000000
0000000015565,00005.000000
0000000015566,00005.000000
0000000015567,00005.000000
0000000015568,00005.000000
0000000015569,00005.000000
0000000015570,00005.000000
0000000015571,00005.000000
0000000015572,00005.000000
0000000015573,00005.000000
0000000015574,00005.000000
0000000015575,00005.000000
0000000015576,00005.000000
0000000015577,00005.000000
0000000015578,00005.000000
0000000015579,00005.000000
0000000015580,00005.000000
0000000015581,00005.000000
0000000015582,00005.000000
0000000015583,00005.000000
0000000015584,00005.000000
0000000015585,00005.000000
0000000015586,00005.000000
0000000015587,00005.000000
0000000015588,00005.000000
0000000015589,00005.000000
0000000015590,00005.000000
0000000015591,00005.000000
0000000015592,00005.000000
0000000015593,00005.000000
0000000015594,00005.000000
0000000015595,00005.000000
0000000015596,00005.000000
0000000015597,00005.000000
0000000015598,00005.000000
0000000015599,00005.000000
0000000015600,00005.000000
0000000015601,00005.000000
0000000015602,00005.000000
0000000015603,00005.000000
0000000015604,00005.000000
0000000015605,00005.000000
0000000015606,00005.000000
0000000015607,00005.000000
0000000015608,00005.000000
0000000015609,00005.000000
0000000015610,00005.000000
0000000015611,00005.000000
0000000015612,00005.000000
0000000015613,00005.000000
0000000015614,00005.000000
0000000015615,00005.000000
0000000015616,00005.000000
0000000015617,00005.000000
0000000015618,00005.000000
0000000015619,00005.000000
0000000015620,00005.000000
0000000015621,00005.000000
0000000015622,00005.000000
0000000015623,00005.000000
0000000015624,00005.000000
0000000015625,00005.000000
0000000015626,00005.000000
0000000015627,00005.000000
0000000015628,00005.000000
0000000015629,00005.000000
0000000015630,00005.000000
0000000015631,00005.000000
0000000015632,00005.000000
0000000015633,00005.000000
0000000015634,00005.000000
0000000015635,00005.000000
0000000015636,00005.000000
0000000015637,00005.000000
0000000015638,00005.000000
0000000015639,00005.000000
0000000015640,00005.000000
0000000015641,00005.000000
0000000015642,00005.000000
0000000015643,00005.000000
0000000015644,00005.000000
0000000015645,00005.000000
0000000015646,00005.000000
0000000015647,00005.000000
0000000015648,00005.000000
0000000015649,00005.000000
0000000015650,00005.000000
0000000015651,00005.000000
0000000015652,00005.000000
0000000015653,00005.000000
0000000015654,00005.000000
0000000015655,00005.000000
0000000015656,00005.000000
0000000015657,00005.000000
0000000015658,00005.000000
0000000015659,00005.000000
0000000015660,00005.000000
0000000015661,00005.000000
0000000015662,00005.000000
0000000015663,00005.000000
0000000015664,00005.000000
0000000015665,00005.000000
0000000015666,00005.000000
0000000015667,00005.000000
0000000015668,00005.000000
0000000015669,00005.000000
0000000015670,00005.000000
0000000015671,00005.000000
0000000015672,00005.000000
0000000015673,00005.000000
0000000015674,00005.000000
0000000015675,00005.000000
0000000015676,00005.000000
0000000015677,00005.000000
0000000015678,00005.000000
0000000015679,00005.000000
0000000015680,00005.000000
0000000015681,00005.000000
0000000015682,00005.000000
0000000015683,00005.000000
0000000015684,00005.000000
0000000015685,00005.000000
0000000015686,00005.000000
0000000015687,00005.000000
0000000015688,00005.000000
0000000015689,00005.000000
0000000015690,00005.000000
0000000015691,00005.000000
0000000015692,00005.000000
0000000015693,00005.000000
0000000015694,00005.000000
0000000015695,00005.000000
0000000015696,00005.000000
0000000015697,00005.000000
0000000015698,00005.000000
0000000015699,00005.000000
0000000015700,00005.000000
0000000015701,00005.000000
0000000015702,00005.000000
0000000015703,00005.000000
0000000015704,00005.000000
0000000015705,00005.000000
0000000015706,00005.000000
0000000015707,00005.000000
0000000015708,00005.000000
0000000015709,00005.000000
0000000015710,00005.000000
0000000015711,00005.000000
0000000015712,00005.000000
0000000015713,00005.000000
0000000015714,00005.000000
0000000015715,00005.000000
0000000015716,00005.000000
0000000015717,00005.000000
0000000015718,00005.000000
0000000015719,00005.000000
0000000015720,00005.000000
0000000015721,00005.000000
0000000015722,00005.000000
0000000015723,00005.000000
0000000015724,00005.000000
0000000015725,00005.000000
0000000015726,00005.000000
0000000015727,00005.000000
0000000015728,00005.000000
0000000015729,00005.000000
0000000015730,00005.000000
0000000015731,00005.000000
0000000015732,00005.000000
0000000015733,00005.000000
0000000015734,00005.000000
0000000015735,00005.000000
0000000015736,00005.000000
0000000015737,00005.000000
0000000015738,00005.000000
0000000015739,00005.000000
0000000015740,00005.000000
0000000015741,00005.000000
0000000015742,00005.000000
0000000015743,00005.000000
0000000015744,00005.000000
0000000015745,00005.000000
0000000015746,00005.000000
0000000015747,00005.000000
0000000015748,00005.000000
0000000015749,00005.000000
0000000015750,00005.000000
0000000015751,00005.000000
0000000015752,00005.000000
0000000015753,00005.000000
0000000015754,00005.000000
0000000015755,00005.000000
0000000015756,00005.000000
0000000015757,00005.000000
0000000015758,00005.000000
0000000015759,00005.000000
0000000015760,00005.000000
0000000015761,00005.000000
0000000015762,00005.000000
0000000015763,00005.000000
0000000015764,00005.000000
0000000015765,00005.000000
0000000015766,00005.000000
0000000015767,00005.000000
0000000015768,00005.000000
0000000015769,00005.000000
0000000015770,00005.000000
0000000015771,00005.000000
0000000015772,00005.000000
0000000015773,00005.000000
0000000015774,00005.000000
0000000015775,00005.000000
0000000015776,00005.000000
0000000015777,00005.000000
0000000015778,00005.000000
0000000015779,00005.000000
0000000015780,00005.000000
0000000015781,00005.000000
0000000015782,00005.000000
0000000015783,00005.000000
0000000015784,00005.000000
0000000015785,00005.000000
0000000015786,00005.000000
0000000015787,00005.000000
0000000015788,00005.000000
0000000015789,00005.000000
0000000015790,00005.000000
0000000015791,00005.000000
0000000015792,00005.000000
0000000015793,00005.000000
0000000015794,00005.000000
0000000015795,00005.000000
0000000015796,00005.000000
0000000015797,00005.000000
0000000015798,00005.000000
0000000015799,00005.000000
0000000015800,00005.000000
0000000015801,00005.000000
0000000015802,00005.000000
0000000015803,00005.000000
0000000015804,00005.000000
0000000015805,00005.000000
0000000015806,00005.000000
0000000015807,00005.000000
0000000015808,00005.000000
0000000015809,00005.000000
0000000015810,00005.000000
0000000015811,00005.000000
0000000015812,00005.000000
0000000015813,00005.000000
0000000015814,00005.000000
0000000015815,00005.000000
0000000015816,00005.000000
0000000015817,00005.000000
0000000015818,00005.000000
0000000015819,00005.000000
0000000015820,00005.000000
0000000015821,00005.000000
0000000015822,00005.000000
0000000015823,00005.000000
0000000015824,00005.000000
0000000015825,00005.000000
0000000015826,00005.000000
0000000015827,00005.000000
0000000015828,00005.000000
0000000015829,00005.000000
0000000015830,00005.000000
0000000015831,00005.000000
0000000015832,00005.000000
0000000015833,00005.000000
0000000015834,00005.000000
0000000015835,00005.000000
0000000015836,00005.000000
0000000015837,00005.000000
0000000015838,00005.000000
0000000015839,00005.000000
0000000015840,00005.000000
0000000015841,00005.000000
0000000015842,00005.000000
0000000015843,00005.000000
0000000015844,00005.000000
0000000015845,00005.000000
0000000015846,00005.000000
0000000015847,00005.000000
0000000015848,00005.000000
0000000015849,00005.000000
0000000015850,00005.000000
0000000015851,00005.000000
0000000015852,00005.000000
0000000015853,00005.000000
0000000015854,00005.000000
0000000015855,00005.000000
0000000015856,00005.000000
0000000015857,00005.000000
0000000015858,00005.000000
0000000015859,00005.000000
0000000015860,00005.000000
0000000015861,00005.000000
0000000015862,00005.000000
0000000015863,00005.000000
0000000015864,00005.000000
0000000015865,00005.000000
0000000015866,00005.000000
0000000015867,00005.000000
0000000015868,00005.000000
0000000015869,00005.000000
0000000015870,00005.000000
0000000015871,00005.000000
0000000015872,00005.000000
0000000015873,00005.000000
0000000015874,00005.000000
0000000015875,00005.000000
0000000015876,00005.000000
0000000015877,00005.000000
0000000015878,00005.000000
0000000015879,00005.000000
0000000015880,00005.000000
0000000015881,00005.000000
0000000015882,00005.000000
0000000015883,00005.000000
0000000015884,00005.000000
0000000015885,00005.000000
0000000015886,00005.000000
0000000015887,00005.000000
0000000015888,00005.000000
0000000015889,00005.000000
0000000015890,00005.000000
0000000015891,00005.000000
0000000015892,00005.000000
0000000015893,00005.000000
0000000015894,00005.000000
0000000015895,00005.000000
0000000015896,00005.000000
0000000015897,00005.000000
0000000015898,00005.000000
0000000015899,00005.000000
0000000015900,00005.000000
0000000015901,00005.000000
0000000015902,00005.000000
0000000015903,00005.000000
0000000015904,00005.000000
0000000015905,00005.000000
0000000015906,00005.000000
0000000015907,00005.000000
0000000015908,00005.000000
0000000015909,00005.000000
0000000015910,00005.000000
0000000015911,00005.000000
0000000015912,00005.000000
0000000015913,00005.000000
0000000015914,00005.000000
0000000015915,00005.000000
0000000015916,00005.000000
0000000015917,00005.000000
0000000015918,00005.000000
0000000015919,00005.000000
0000000015920,00005.000000
0000000015921,00005.000000
0000000015922,00005.000000
0000000015923,00005.000000
0000000015924,00005.000000
0000000015925,00005.000000
0000000015926,00005.000000
0000000015927,00005.000000
0000000015928,00005.000000
0000000015929,00005.000000
0000000015930,00005.000000
0000000015931,00005.000000
0000000015932,00005.000000
0000000015933,00005.000000
0000000015934,00005.000000
0000000015935,00005.000000
0000000015936,00005.000000
0000000015937,00005.000000
0000000015938,00005.000000
0000000015939,00005.000000
0000000015940,00005.000000
0000000015941,00005.000000
0000000015942,00005.000000
0000000015943,00005.000000
0000000015944,00005.000000
0000000015945,00005.000000
0000000015946,00005.000000
0000000015947,00005.000000
0000000015948,00005.000000
0000000015949,00005.000000
0000000015950,00005.000000
0000000015951,00005.000000
0000000015952,00005.000000
0000000015953,00005.000000
0000000015954,00005.000000
0000000015955,00005.000000
0000000015956,00005.000000
0000000015957,00005.000000
0000000015958,00005.000000
0000000015959,00005.000000
0000000015960,00005.000000
0000000015961,00005.000000
0000000015962,00005.000000
0000000015963,00005.000000
0000000015964,00005.000000
0000000015965,00005.000000
0000000015966,00005.000000
0000000015967,00005.000000
0000000015968,00005.000000
0000000015969,00005.000000
0000000015970,00005.000000
0000000015971,00005.000000
0000000015972,00005.000000
0000000015973,00005.000000
0000000015974,00005.000000
0000000015975,00005.000000
0000000015976,00005.000000
0000000015977,00005.000000
0000000015978,00005.000000
0000000015979,00005.000000
0000000015980,00005.000000
0000000015981,00005.000000
0000000015982,00005.000000
0000000015983,00005.000000
0000000015984,00005.000000
0000000015985,00005.000000
0000000015986,00005.000000
0000000015987,00005.000000
0000000015988,00005.000000
0000000015989,00005.000000
0000000015990,00005.000000
0000000015991,00005.000000
0000000015992,00005.000000
0000000015993,00005.000000
0000000015994,00005.000000
0000000015995,00005.000000
0000000015996,00005.000000
0000000015997,00005.000000
0000000015998,00005.000000
0000000015999,00005.000000
0000000016000,00005.000000
0000000016001,00005.000000
0000000016002,00005.000000
0000000016003,00005.000000
0000000016004,00005.000000
0000000016005,00005.000000
0000000016006,00005.000000
0000000016007,00005.000000
0000000016008,00005.000000
0000000016009,00005.000000
0000000016010,00005.000000
0000000016011,00005.000000
0000000016012,00005.000000
0000000016013,00005.000000
0000000016014,00005.000000
0000000016015,00005.000000
0000000016016,00005.000000
0000000016017,00005.000000
0000000016018,00005.000000
0000000016019,00005.000000
0000000016020,00005.000000
0000000016021,00005.000000
0000000016022,00005.000000
0000000016023,00005.000000
0000000016024,00005.000000
0000000016025,00005.000000
0000000016026,00005.000000
0000000016027,00005.000000
0000000016028,00005.000000
0000000016029,00005.000000
0000000016030,00005.000000
0000000016031,00005.000000
0000000016032,00005.000000
0000000016033,00005.000000
0000000016034,00005.000000
0000000016035,00005.000000
0000000016036,00005.000000
0000000016037,00005.000000
0000000016038,00005.000000
0000000016039,00005.000000
0000000016040,00005.000000
0000000016041,00005.000000
0000000016042,00005.000000
0000000016043,00005.000000
0000000016044,00005.000000
0000000016045,00005.000000
0000000016046,00005.000000
0000000016047,00005.000000
0000000016048,00005.000000
0000000016049,00005.000000
0000000016050,00005.000000
0000000016051,00005.000000
0000000016052,00005.000000
0000000016053,00005.000000
0000000016054,00005.000000
0000000016055,00005.000000
0000000016056,00005.000000
0000000016057,00005.000000
0000000016058,00005.000000
0000000016059,00005.000000
0000000016060,00005.000000
0000000016061,00005.000000
0000000016062,00005.000000
0000000016063,00005.000000
0000000016064,00005.000000
0000000016065,00005.000000
0000000016066,00005.000000
0000000016067,00005.000000
0000000016068,00005.000000
0000000016069,00005.000000
0000000016070,00005.000000
0000000016071,00005.000000
0000000016072,00005.000000
0000000016073,00005.000000
0000000016074,00005.000000
0000000016075,00005.000000
0000000016076,00005.000000
0000000016077,00005.000000
0000000016078,00005.000000
0000000016079,00005.000000
0000000016080,00005.000000
0000000016081,00005.000000
0000000016082,00005.000000
0000000016083,00005.000000
0000000016084,00005.000000
0000000016085,00005.000000
0000000016086,00005.000000
0000000016087,00005.000000
0000000016088,00005.000000
0000000016089,00005.000000
0000000016090,00005.000000
0000000016091,00005.000000
0000000016092,00005.000000
0000000016093,00005.000000
0000000016094,00005.000000
0000000016095,00005.000000
0000000016096,00005.000000
0000000016097,00005.000000
0000000016098,00005.000000
0000000016099,00005.000000
0000000016100,00005.000000
0000000016101,00005.000000
0000000016102,00005.000000
0000000016103,00005.000000
0000000016104,00005.000000
0000000016105,00005.000000
0000000016106,00005.000000
0000000016107,00005.000000
0000000016108,00005.000000
0000000016109,00005.000000
0000000016110,00005.000000
0000000016111,00005.000000
0000000016112,00005.000000
0000000016113,00005.000000
0000000016114,00005.000000
0000000016115,00005.000000
0000000016116,00005.000000
0000000016117,00005.000000
0000000016118,00005.000000
0000000016119,00005.000000
0000000016120,00005.000000
0000000016121,00005.000000
0000000016122,00005.000000
0000000016123,00005.000000
0000000016124,00005.000000
0000000016125,00005.000000
0000000016126,00005.000000
0000000016127,00005.000000
0000000016128,00005.000000
0000000016129,00005.000000
0000000016130,00005.000000
0000000016131,00005.000000
0000000016132,00005.000000
0000000016133,00005.000000
0000000016134,00005.000000
0000000016135,00005.000000
0000000016136,00005.000000
0000000016137,00005.000000
0000000016138,00005.000000
0000000016139,00005.000000
0000000016140,00005.000000
0000000016141,00005.000000
0000000016142,00005.000000
0000000016143,00005.000000
0000000016144,00005.000000
0000000016145,00005.000000
0000000016146,00005.000000
0000000016147,00005.000000
0000000016148,00005.000000
0000000016149,00005.000000
0000000016150,00005.000000
0000000016151,00005.000000
0000000016152,00005.000000
0000000016153,00005.000000
0000000016154,00005.000000
0000000016155,00005.000000
0000000016156,00005.000000
0000000016157,00005.000000
0000000016158,00005.000000
0000000016159,00005.000000
0000000016160,00005.000000
0000000016161,00005.000000
0000000016162,00005.000000
0000000016163,00005.000000
0000000016164,00005.000000
0000000016165,00005.000000
0000000016166,00005.000000
0000000016167,00005.000000
0000000016168,00005.000000
0000000016169,00005.000000
0000000016170,00005.000000
0000000016171,00005.000000
0000000016172,00005.000000
0000000016173,00005.000000
0000000016174,00005.000000
0000000016175,00005.000000
0000000016176,00005.000000
0000000016177,00005.000000
0000000016178,00005.000000
0000000016179,00005.000000
0000000016180,00005.000000
0000000016181,00005.000000
0000000016182,00005.000000
0000000016183,00005.000000
0000000016184,00005.000000
0000000016185,00005.000000
0000000016186,00005.000000
0000000016187,00005.000000
0000000016188,00005.000000
0000000016189,00005.000000
0000000016190,00005.000000
0000000016191,00005.000000
0000000016192,00005.000000
0000000016193,00005.000000
0000000016194,00005.000000
0000000016195,00005.000000
0000000016196,00005.000000
0000000016197,00005.000000
0000000016198,00005.000000
0000000016199,00005.000000
0000000016200,00005.000000
0000000016201,00005.000000
0000000016202,00005.000000
0000000016203,00005.000000
0000000016204,00005.000000
0000000016205,00005.000000
0000000016206,00005.000000
0000000016207,00005.000000
0000000016208,00005.000000
0000000016209,00005.000000
0000000016210,00005.000000
0000000016211,00005.000000
0000000016212,00005.000000
0000000016213,00005.000000
0000000016214,00005.000000
0000000016215,00005.000000
0000000016216,00005.000000
0000000016217,00005.000000
0000000016218,00005.000000
0000000016219,00005.000000
0000000016220,00005.000000
0000000016221,00005.000000
0000000016222,00005.000000
0000000016223,00005.000000
0000000016224,00005.000000
0000000016225,00005.000000
0000000016226,00005.000000
0000000016227,00005.000000
0000000016228,00005.000000
0000000016229,00005.000000
0000000016230,00005.000000
0000000016231,00005.000000
0000000016232,00005.000000
0000000016233,00005.000000
0000000016234,00005.000000
0000000016235,00005.000000
0000000016236,00005.000000
0000000016237,00005.000000
0000000016238,00005.000000
0000000016239,00005.000000
0000000016240,00005.000000
0000000016241,00005.000000
0000000016242,00005.000000
0000000016243,00005.000000
0000000016244,00005.000000
0000000016245,00005.000000
0000000016246,00005.000000
0000000016247,00005.000000
0000000016248,00005.000000
0000000016249,00005.000000
0000000016250,00005.000000
0000000016251,00005.000000
0000000016252,00005.000000
0000000016253,00005.000000
0000000016254,00005.000000
0000000016255,00005.000000
0000000016256,00005.000000
0000000016257,00005.000000
0000000016258,00005.000000
0000000016259,00005.000000
0000000016260,00005.000000
0000000016261,00005.000000
0000000016262,00005.000000
0000000016263,00005.000000
0000000016264,00005.000000
0000000016265,00005.000000
0000000016266,00005.000000
0000000016267,00005.000000
0000000016268,00005.000000
0000000016269,00005.000000
0000000016270,00005.000000
0000000016271,00005.000000
0000000016272,00005.000000
0000000016273,00005.000000
0000000016274,00005.000000
0000000016275,00005.000000
0000000016276,00005.000000
0000000016277,00005.000000
0000000016278,00005.000000
0000000016279,00005.000000
0000000016280,00005.000000
0000000016281,00005.000000
0000000016282,00005.000000
0000000016283,00005.000000
0000000016284,00005.000000
0000000016285,00005.000000
0000000016286,00005.000000
0000000016287,00005.000000
0000000016288,00005.000000
0000000016289,00005.000000
0000000016290,00005.000000
0000000016291,00005.000000
0000000016292,00005.000000
0000000016293,00005.000000
0000000016294,00005.000000
0000000016295,00005.000000
0000000016296,00005.000000
0000000016297,00005.000000
0000000016298,00005.000000
0000000016299,00005.000000
0000000016300,00005.000000
0000000016301,00005.000000
0000000016302,00005.000000
0000000016303,00005.000000
0000000016304,00005.000000
0000000016305,00005.000000
0000000016306,00005.000000
0000000016307,00005.000000
0000000016308,00005.000000
0000000016309,00005.000000
0000000016310,00005.000000
0000000016311,00005.000000
0000000016312,00005.000000
0000000016313,00005.000000
0000000016314,00005.000000
0000000016315,00005.000000
0000000016316,00005.000000
0000000016317,00005.000000
0000000016318,00005.000000
0000000016319,00005.000000
0000000016320,00005.000000
0000000016321,00005.000000
0000000016322,00005.000000
0000000016323,00005.000000
0000000016324,00005.000000
0000000016325,00005.000000
0000000016326,00005.000000
0000000016327,00005.000000
0000000016328,00005.000000
0000000016329,00005.000000
0000000016330,00005.000000
0000000016331,00005.000000
0000000016332,00005.000000
0000000016333,00005.000000
0000000016334,00005.000000
0000000016335,00005.000000
0000000016336,00005.000000
0000000016337,00005.000000
0000000016338,00005.000000
0000000016339,00005.000000
0000000016340,00005.000000
0000000016341,00005.000000
0000000016342,00005.000000
0000000016343,00005.000000
0000000016344,00005.000000
0000000016345,00005.000000
0000000016346,00005.000000
0000000016347,00005.000000
0000000016348,00005.000000
0000000016349,00005.000000
0000000016350,00005.000000
0000000016351,00005.000000
0000000016352,00005.000000
0000000016353,00005.000000
0000000016354,00005.000000
0000000016355,00005.000000
0000000016356,00005.000000
0000000016357,00005.000000
0000000016358,00005.000000
0000000016359,00005.000000
0000000016360,00005.000000
0000000016361,00005.000000
0000000016362,00005.000000
0000000016363,00005.000000
0000000016364,00005.000000
0000000016365,00005.000000
0000000016366,00005.000000
0000000016367,00005.000000
0000000016368,00005.000000
0000000016369,00005.000000
0000000016370,00005.000000
0000000016371,00005.000000
0000000016372,00005.000000
0000000016373,00005.000000
0000000016374,00005.000000
0000000016375,00005.000000
0000000016376,00005.000000
0000000016377,00005.000000
0000000016378,00005.000000
0000000016379,00005.000000
0000000016380,00005.000000
0000000016381,00005.000000
0000000016382,00005.000000
0000000016383,00005.000000
0000000016384,00005.000000
0000000016385,00005.000000
0000000016386,00005.000000
0000000016387,00005.000000
0000000016388,00005.000000
0000000016389,00005.000000
0000000016390,00005.000000
0000000016391,00005.000000
0000000016392,00005.000000
0000000016393,00005.000000
0000000016394,00005.000000
0000000016395,00005.000000
0000000016396,00005.000000
0000000016397,00005.000000
0000000016398,00005.000000
0000000016399,00005.000000
0000000016400,00005.000000
0000000016401,00005.000000
0000000016402,00005.000000
0000000016403,00005.000000
0000000016404,00005.000000
0000000016405,00005.000000
0000000016406,00005.000000
0000000016407,00005.000000
0000000016408,00005.000000
0000000016409,00005.000000
0000000016410,00005.000000
0000000016411,00005.000000
0000000016412,00005.000000
0000000016413,00005.000000
0000000016414,00005.000000
0000000016415,00005.000000
0000000016416,00005.000000
0000000016417,00005.000000
0000000016418,00005.000000
0000000016419,00005.000000
0000000016420,00005.000000
0000000016421,00005.000000
0000000016422,00005.000000
0000000016423,00005.000000
0000000016424,00005.000000
0000000016425,00005.000000
0000000016426,00005.000000
0000000016427,00005.000000
0000000016428,00005.000000
0000000016429,00005.000000
0000000016430,00005.000000
0000000016431,00005.000000
0000000016432,00005.000000
0000000016433,00005.000000
0000000016434,00005.000000
0000000016435,00005.000000
0000000016436,00005.000000
0000000016437,00005.000000
0000000016438,00005.000000
0000000016439,00005.000000
0000000016440,00005.000000
0000000016441,00005.000000
0000000016442,00005.000000
0000000016443,00005.000000
0000000016444,00005.000000
0000000016445,00005.000000
0000000016446,00005.000000
0000000016447,00005.000000
0000000016448,00005.000000
0000000016449,00005.000000
0000000016450,00005.000000
0000000016451,00005.000000
0000000016452,00005.000000
0000000016453,00005.000000
0000000016454,00005.000000
0000000016455,00005.000000
0000000016456,00005.000000
0000000016457,00005.000000
0000000016458,00005.000000
0000000016459,00005.000000
0000000016460,00005.000000
0000000016461,00005.000000
0000000016462,00005.000000
0000000016463,00005.000000
0000000016464,00005.000000
0000000016465,00005.000000
0000000016466,00005.000000
0000000016467,00005.000000
0000000016468,00005.000000
0000000016469,00005.000000
0000000016470,00005.000000
0000000016471,00005.000000
0000000016472,00005.000000
0000000016473,00005.000000
0000000016474,00005.000000
0000000016475,00005.000000
0000000016476,00005.000000
0000000016477,00005.000000
0000000016478,00005.000000
0000000016479,00005.000000
0000000016480,00005.000000
0000000016481,00005.000000
0000000016482,00005.000000
0000000016483,00005.000000
0000000016484,00005.000000
0000000016485,00005.000000
0000000016486,00005.000000
0000000016487,00005.000000
0000000016488,00005.000000
0000000016489,00005.000000
0000000016490,00005.000000
0000000016491,00005.000000
0000000016492,00005.000000
0000000016493,00005.000000
0000000016494,00005.000000
0000000016495,00005.000000
0000000016496,00005.000000
0000000016497,00005.000000
0000000016498,00005.000000
0000000016499,00005.000000
0000000016500,00005.000000
0000000016501,00005.000000
0000000016502,00005.000000
0000000016503,00005.000000
0000000016504,00005.000000
0000000016505,00005.000000
0000000016506,00005.000000
0000000016507,00005.000000
0000000016508,00005.000000
0000000016509,00005.000000
0000000016510,00005.000000
0000000016511,00005.000000
0000000016512,00005.000000
0000000016513,00005.000000
0000000016514,00005.000000
0000000016515,00005.000000
0000000016516,00005.000000
0000000016517,00005.000000
0000000016518,00005.000000
0000000016519,00005.000000
0000000016520,00005.000000
0000000016521,00005.000000
0000000016522,00005.000000
0000000016523,00005.000000
0000000016524,00005.000000
0000000016525,00005.000000
0000000016526,00005.000000
0000000016527,00005.000000
0000000016528,00005.000000
0000000016529,00005.000000
0000000016530,00005.000000
0000000016531,00005.000000
0000000016532,00005.000000
0000000016533,00005.000000
0000000016534,00005.000000
0000000016535,00005.000000
0000000016536,00005.000000
0000000016537,00005.000000
0000000016538,00005.000000
0000000016539,00005.000000
0000000016540,00005.000000
0000000016541,00005.000000
0000000016542,00005.000000
0000000016543,00005.000000
0000000016544,00005.000000
0000000016545,00005.000000
0000000016546,00005.000000
0000000016547,00005.000000
0000000016548,00005.000000
0000000016549,00005.000000
0000000016550,00005.000000
0000000016551,00005.000000
0000000016552,00005.000000
0000000016553,00005.000000
0000000016554,00005.000000
0000000016555,00005.000000
0000000016556,00005.000000
0000000016557,00005.000000
0000000016558,00005.000000
0000000016559,00005.000000
0000000016560,00005.000000
0000000016561,00005.000000
0000000016562,00005.000000
0000000016563,00005.000000
0000000016564,00005.000000
0000000016565,00005.000000
0000000016566,00005.000000
0000000016567,00005.000000
0000000016568,00005.000000
0000000016569,00005.000000
0000000016570,00005.000000
0000000016571,00005.000000
0000000016572,00005.000000
0000000016573,00005.000000
0000000016574,00005.000000
0000000016575,00005.000000
0000000016576,00005.000000
0000000016577,00005.000000
0000000016578,00005.000000
0000000016579,00005.000000
0000000016580,00005.000000
0000000016581,00005.000000
0000000016582,00005.000000
0000000016583,00005.000000
0000000016584,00005.000000
0000000016585,00005.000000
0000000016586,00005.000000
0000000016587,00005.000000
0000000016588,00005.000000
0000000016589,00005.000000
0000000016590,00005.000000
0000000016591,00005.000000
0000000016592,00005.000000
0000000016593,00005.000000
0000000016594,00005.000000
0000000016595,00005.000000
0000000016596,00005.000000
0000000016597,00005.000000
0000000016598,00005.000000
0000000016599,00005.000000
0000000016600,00005.000000
0000000016601,00005.000000
0000000016602,00005.000000
0000000016603,00005.000000
0000000016604,00005.000000
0000000016605,00005.000000
0000000016606,00005.000000
0000000016607,00005.000000
0000000016608,00005.000000
0000000016609,00005.000000
0000000016610,00005.000000
0000000016611,00005.000000
0000000016612,00005.000000
0000000016613,00005.000000
0000000016614,00005.000000
0000000016615,00005.000000
0000000016616,00005.000000
0000000016617,00005.000000
0000000016618,00005.000000
0000000016619,00005.000000
0000000016620,00005.000000
0000000016621,00005.000000
0000000016622,00005.000000
0000000016623,00005.000000
0000000016624,00005.000000
0000000016625,00005.000000
0000000016626,00005.000000
0000000016627,00005.000000
0000000016628,00005.000000
0000000016629,00005.000000
0000000016630,00005.000000
0000000016631,00005.000000
0000000016632,00005.000000
0000000016633,00005.000000
0000000016634,00005.000000
0000000016635,00005.000000
0000000016636,00005.000000
0000000016637,00005.000000
0000000016638,00005.000000
0000000016639,00005.000000
0000000016640,00005.000000
0000000016641,00005.000000
0000000016642,00005.000000
0000000016643,00005.000000
0000000016644,00005.000000
0000000016645,00005.000000
0000000016646,00005.000000
0000000016647,00005.000000
0000000016648,00005.000000
0000000016649,00005.000000
0000000016650,00005.000000
0000000016651,00005.000000
0000000016652,00005.000000
0000000016653,00005.000000
0000000016654,00005.000000
0000000016655,00005.000000
0000000016656,00005.000000
0000000016657,00005.000000
0000000016658,00005.000000
0000000016659,00005.000000
0000000016660,00005.000000
0000000016661,00005.000000
0000000016662,00005.000000
0000000016663,00005.000000
0000000016664,00005.000000
0000000016665,00005.000000
0000000016666,00005.000000
0000000016667,00005.000000
0000000016668,00005.000000
0000000016669,00005.000000
0000000016670,00005.000000
0000000016671,00005.000000
0000000016672,00005.000000
0000000016673,00005.000000
0000000016674,00005.000000
0000000016675,00005.000000
0000000016676,00005.000000
0000000016677,00005.000000
0000000016678,00005.000000
0000000016679,00005.000000
0000000016680,00005.000000
0000000016681,00005.000000
0000000016682,00005.000000
0000000016683,00005.000000
0000000016684,00005.000000
0000000016685,00005.000000
0000000016686,00005.000000
0000000016687,00005.000000
0000000016688,00005.000000
0000000016689,00005.000000
0000000016690,00005.000000
0000000016691,00005.000000
0000000016692,00005.000000
0000000016693,00005.000000
0000000016694,00005.000000
0000000016695,00005.000000
0000000016696,00005.000000
0000000016697,00005.000000
0000000016698,00005.000000
0000000016699,00005.000000
0000000016700,00005.000000
0000000016701,00005.000000
0000000016702,00005.000000
0000000016703,00005.000000
0000000016704,00005.000000
0000000016705,00005.000000
0000000016706,00005.000000
0000000016707,00005.000000
0000000016708,00005.000000
0000000016709,00005.000000
0000000016710,00005.000000
0000000016711,00005.000000
0000000016712,00005.000000
0000000016713,00005.000000
0000000016714,00005.000000
0000000016715,00005.000000
0000000016716,00005.000000
0000000016717,00005.000000
0000000016718,00005.000000
0000000016719,00005.000000
0000000016720,00005.000000
0000000016721,00005.000000
0000000016722,00005.000000
0000000016723,00005.000000
0000000016724,00005.000000
0000000016725,00005.000000
0000000016726,00005.000000
0000000016727,00005.000000
0000000016728,00005.000000
0000000016729,00005.000000
0000000016730,00005.000000
0000000016731,00005.000000
0000000016732,00005.000000
0000000016733,00005.000000
0000000016734,00005.000000
0000000016735,00005.000000
0000000016736,00005.000000
0000000016737,00005.000000
0000000016738,00005.000000
0000000016739,00005.000000
0000000016740,00005.000000
0000000016741,00005.000000
0000000016742,00005.000000
0000000016743,00005.000000
0000000016744,00005.000000
0000000016745,00005.000000
0000000016746,00005.000000
0000000016747,00005.000000
0000000016748,00005.000000
0000000016749,00005.000000
0000000016750,00005.000000
0000000016751,00005.000000
0000000016752,00005.000000
0000000016753,00005.000000
0000000016754,00005.000000
0000000016755,00005.000000
0000000016756,00005.000000
0000000016757,00005.000000
0000000016758,00005.000000
0000000016759,00005.000000
0000000016760,00005.000000
0000000016761,00005.000000
0000000016762,00005.000000
0000000016763,00005.000000
0000000016764,00005.000000
0000000016765,00005.000000
0000000016766,00005.000000
0000000016767,00005.000000
0000000016768,00005.000000
0000000016769,00005.000000
0000000016770,00005.000000
0000000016771,00005.000000
0000000016772,00005.000000
0000000016773,00005.000000
0000000016774,00005.000000
0000000016775,00005.000000
0000000016776,00005.000000
0000000016777,00005.000000
0000000016778,00005.000000
0000000016779,00005.000000
0000000016780,00005.000000
0000000016781,00005.000000
0000000016782,00005.000000
0000000016783,00005.000000
0000000016784,00005.000000
0000000016785,00005.000000
0000000016786,00005.000000
0000000016787,00005.000000
0000000016788,00005.000000
0000000016789,00005.000000
0000000016790,00005.000000
0000000016791,00005.000000
0000000016792,00005.000000
0000000016793,00005.000000
0000000016794,00005.000000
0000000016795,00005.000000
0000000016796,00005.000000
0000000016797,00005.000000
0000000016798,00005.000000
0000000016799,00005.000000
0000000016800,00005.000000
0000000016801,00005.000000
0000000016802,00005.000000
0000000016803,00005.000000
0000000016804,00005.000000
0000000016805,00005.000000
0000000016806,00005.000000
0000000016807,00005.000000
0000000016808,00005.000000
0000000016809,00005.000000
0000000016810,00005.000000
0000000016811,00005.000000
0000000016812,00005.000000
0000000016813,00005.000000
0000000016814,00005.000000
0000000016815,00005.000000
0000000016816,00005.000000
0000000016817,00005.000000
0000000016818,00005.000000
0000000016819,00005.000000
0000000016820,00005.000000
0000000016821,00005.000000
0000000016822,00005.000000
0000000016823,00005.000000
0000000016824,00005.000000
0000000016825,00005.000000
0000000016826,00005.000000
0000000016827,00005.000000
0000000016828,00005.000000
0000000016829,00005.000000
0000000016830,00005.000000
0000000016831,00005.000000
0000000016832,00005.000000
0000000016833,00005.000000
0000000016834,00005.000000
0000000016835,00005.000000
0000000016836,00005.000000
0000000016837,00005.000000
0000000016838,00005.000000
0000000016839,00005.000000
0000000016840,00005.000000
0000000016841,00005.000000
0000000016842,00005.000000
0000000016843,00005.000000
0000000016844,00005.000000
0000000016845,00005.000000
0000000016846,00005.000000
0000000016847,00005.000000
0000000016848,00005.000000
0000000016849,00005.000000
0000000016850,00005.000000
0000000016851,00005.000000
0000000016852,00005.000000
0000000016853,00005.000000
0000000016854,00005.000000
0000000016855,00005.000000
0000000016856,00005.000000
0000000016857,00005.000000
0000000016858,00005.000000
0000000016859,00005.000000
0000000016860,00005.000000
0000000016861,00005.000000
0000000016862,00005.000000
0000000016863,00005.000000
0000000016864,00005.000000
0000000016865,00005.000000
0000000016866,00005.000000
0000000016867,00005.000000
0000000016868,00005.000000
0000000016869,00005.000000
0000000016870,00005.000000
0000000016871,00005.000000
0000000016872,00005.000000
0000000016873,00005.000000
0000000016874,00005.000000
0000000016875,00005.000000
0000000016876,00005.000000
0000000016877,00005.000000
0000000016878,00005.000000
0000000016879,00005.000000
0000000016880,00005.000000
0000000016881,00005.000000
0000000016882,00005.000000
0000000016883,00005.000000
0000000016884,00005.000000
0000000016885,00005.000000
0000000016886,00005.000000
0000000016887,00005.000000
0000000016888,00005.000000
0000000016889,00005.000000
0000000016890,00005.000000
0000000016891,00005.000000
0000000016892,00005.000000
0000000016893,00005.000000
0000000016894,00005.000000
0000000016895,00005.000000
0000000016896,00005.000000
0000000016897,00005.000000
0000000016898,00005.000000
0000000016899,00005.000000
0000000016900,00005.000000
0000000016901,00005.000000
0000000016902,00005.000000
0000000016903,00005.000000
0000000016904,00005.000000
0000000016905,00005.000000
0000000016906,00005.000000
0000000016907,00005.000000
0000000016908,00005.000000
0000000016909,00005.000000
0000000016910,00005.000000
0000000016911,00005.000000
0000000016912,00005.000000
0000000016913,00005.000000
0000000016914,00005.000000
0000000016915,00005.000000
0000000016916,00005.000000
0000000016917,00005.000000
0000000016918,00005.000000
0000000016919,00005.000000
0000000016920,00005.000000
0000000016921,00005.000000
0000000016922,00005.000000
0000000016923,00005.000000
0000000016924,00005.000000
0000000016925,00005.000000
0000000016926,00005.000000
0000000016927,00005.000000
0000000016928,00005.000000
0000000016929,00005.000000
0000000016930,00005.000000
0000000016931,00005.000000
0000000016932,00005.000000
0000000016933,00005.000000
0000000016934,00005.000000
0000000016935,00005.000000
0000000016936,00005.000000
0000000016937,00005.000000
0000000016938,00005.000000
0000000016939,00005.000000
0000000016940,00005.000000
0000000016941,00005.000000
0000000016942,00005.000000
0000000016943,00005.000000
0000000016944,00005.000000
0000000016945,00005.000000
0000000016946,00005.000000
0000000016947,00005.000000
0000000016948,00005.000000
0000000016949,00005.000000
0000000016950,00005.000000
0000000016951,00005.000000
0000000016952,00005.000000
0000000016953,00005.000000
0000000016954,00005.000000
0000000016955,00005.000000
0000000016956,00005.000000
0000000016957,00005.000000
0000000016958,00005.000000
0000000016959,00005.000000
0000000016960,00005.000000
0000000016961,00005.000000
0000000016962,00005.000000
0000000016963,00005.000000
0000000016964,00005.000000
0000000016965,00005.000000
0000000016966,00005.000000
0000000016967,00005.000000
0000000016968,00005.000000
0000000016969,00005.000000
0000000016970,00005.000000
0000000016971,00005.000000
0000000016972,00005.000000
0000000016973,00005.000000
0000000016974,00005.000000
0000000016975,00005.000000
0000000016976,00005.000000
0000000016977,00005.000000
0000000016978,00005.000000
0000000016979,00005.000000
0000000016980,00005.000000
0000000016981,00005.000000
0000000016982,00005.000000
0000000016983,00005.000000
0000000016984,00005.000000
0000000016985,00005.000000
0000000016986,00005.000000
0000000016987,00005.000000
0000000016988,00005.000000
0000000016989,00005.000000
0000000016990,00005.000000
0000000016991,00005.000000
0000000016992,00005.000000
0000000016993,00005.000000
0000000016994,00005.000000
0000000016995,00005.000000
0000000016996,00005.000000
0000000016997,00005.000000
0000000016998,00005.000000
0000000016999,00005.000000
0000000017000,00005.000000
0000000017001,00005.000000
0000000017002,00005.000000
0000000017003,00005.000000
0000000017004,00005.000000
0000000017005,00005.000000
0000000017006,00005.000000
0000000017007,00005.000000
0000000017008,00005.000000
0000000017009,00005.000000
0000000017010,00005.000000
0000000017011,00005.000000
0000000017012,00005.000000
0000000017013,00005.000000
0000000017014,00005.000000
0000000017015,00005.000000
0000000017016,00005.000000
0000000017017,00005.000000
0000000017018,00005.000000
0000000017019,00005.000000
0000000017020,00005.000000
0000000017021,00005.000000
0000000017022,00005.000000
0000000017023,00005.000000
0000000017024,00005.000000
0000000017025,00005.000000
0000000017026,00005.000000
0000000017027,00005.000000
0000000017028,00005.000000
0000000017029,00005.000000
0000000017030,00005.000000
0000000017031,00005.000000
0000000017032,00005.000000
0000000017033,00005.000000
0000000017034,00005.000000
0000000017035,00005.000000
0000000017036,00005.000000
0000000017037,00005.000000
0000000017038,00005.000000
0000000017039,00005.000000
0000000017040,00005.000000
0000000017041,00005.000000
0000000017042,00005.000000
0000000017043,00005.000000
0000000017044,00005.000000
0000000017045,00005.000000
0000000017046,00005.000000
0000000017047,00005.000000
0000000017048,00005.000000
0000000017049,00005.000000
0000000017050,00005.000000
0000000017051,00005.000000
0000000017052,00005.000000
0000000017053,00005.000000
0000000017054,00005.000000
0000000017055,00005.000000
0000000017056,00005.000000
0000000017057,00005.000000
0000000017058,00005.000000
0000000017059,00005.000000
0000000017060,00005.000000
0000000017061,00005.000000
0000000017062,00005.000000
0000000017063,00005.000000
0000000017064,00005.000000
0000000017065,00005.000000
0000000017066,00005.000000
0000000017067,00005.000000
0000000017068,00005.000000
0000000017069,00005.000000
0000000017070,00005.000000
0000000017071,00005.000000
0000000017072,00005.000000
0000000017073,00005.000000
0000000017074,00005.000000
0000000017075,00005.000000
0000000017076,00005.000000
0000000017077,00005.000000
0000000017078,00005.000000
0000000017079,00005.000000
0000000017080,00005.000000
0000000017081,00005.000000
0000000017082,00005.000000
0000000017083,00005.000000
0000000017084,00005.000000
0000000017085,00005.000000
0000000017086,00005.000000
0000000017087,00005.000000
0000000017088,00005.000000
0000000017089,00005.000000
0000000017090,00005.000000
0000000017091,00005.000000
0000000017092,00005.000000
0000000017093,00005.000000
0000000017094,00005.000000
0000000017095,00005.000000
0000000017096,00005.000000
0000000017097,00005.000000
0000000017098,00005.000000
0000000017099,00005.000000
0000000017100,00005.000000
0000000017101,00005.000000
0000000017102,00005.000000
0000000017103,00005.000000
0000000017104,00005.000000
0000000017105,00005.000000
0000000017106,00005.000000
0000000017107,00005.000000
0000000017108,00005.000000
0000000017109,00005.000000
0000000017110,00005.000000
0000000017111,00005.000000
0000000017112,00005.000000
0000000017113,00005.000000
0000000017114,00005.000000
0000000017115,00005.000000
0000000017116,00005.000000
0000000017117,00005.000000
0000000017118,00005.000000
0000000017119,00005.000000
0000000017120,00005.000000
0000000017121,00005.000000
0000000017122,00005.000000
0000000017123,00005.000000
0000000017124,00005.000000
0000000017125,00005.000000
0000000017126,00005.000000
0000000017127,00005.000000
0000000017128,00005.000000
0000000017129,00005.000000
0000000017130,00005.000000
0000000017131,00005.000000
0000000017132,00005.000000
0000000017133,00005.000000
0000000017134,00005.000000
0000000017135,00005.000000
0000000017136,00005.000000
0000000017137,00005.000000
0000000017138,00005.000000
0000000017139,00005.000000
0000000017140,00005.000000
0000000017141,00005.000000
0000000017142,00005.000000
0000000017143,00005.000000
0000000017144,00005.000000
0000000017145,00005.000000
0000000017146,00005.000000
0000000017147,00005.000000
0000000017148,00005.000000
0000000017149,00005.000000
0000000017150,00005.000000
0000000017151,00005.000000
0000000017152,00005.000000
0000000017153,00005.000000
0000000017154,00005.000000
0000000017155,00005.000000
0000000017156,00005.000000
0000000017157,00005.000000
0000000017158,00005.000000
0000000017159,00005.000000
0000000017160,00005.000000
0000000017161,00005.000000
0000000017162,00005.000000
0000000017163,00005.000000
0000000017164,00005.000000
0000000017165,00005.000000
0000000017166,00005.000000
0000000017167,00005.000000
0000000017168,00005.000000
0000000017169,00005.000000
0000000017170,00005.000000
0000000017171,00005.000000
0000000017172,00005.000000
0000000017173,00005.000000
0000000017174,00005.000000
0000000017175,00005.000000
0000000017176,00005.000000
0000000017177,00005.000000
0000000017178,00005.000000
0000000017179,00005.000000
0000000017180,00005.000000
0000000017181,00005.000000
0000000017182,00005.000000
0000000017183,00005.000000
0000000017184,00005.000000
0000000017185,00005.000000
0000000017186,00005.000000
0000000017187,00005.000000
0000000017188,00005.000000
0000000017189,00005.000000
0000000017190,00005.000000
0000000017191,00005.000000
0000000017192,00005.000000
0000000017193,00005.000000
0000000017194,00005.000000
0000000017195,00005.000000
0000000017196,00005.000000
0000000017197,00005.000000
0000000017198,00005.000000
0000000017199,00005.000000
0000000017200,00005.000000
0000000017201,00005.000000
0000000017202,00005.000000
0000000017203,00005.000000
0000000017204,00005.000000
0000000017205,00005.000000
0000000017206,00005.000000
0000000017207,00005.000000
0000000017208,00005.000000
0000000017209,00005.000000
0000000017210,00005.000000
0000000017211,00005.000000
0000000017212,00005.000000
0000000017213,00005.000000
0000000017214,00005.000000
0000000017215,00005.000000
0000000017216,00005.000000
0000000017217,00005.000000
0000000017218,00005.000000
0000000017219,00005.000000
0000000017220,00005.000000
0000000017221,00005.000000
0000000017222,00005.000000
0000000017223,00005.000000
0000000017224,00005.000000
0000000017225,00005.000000
0000000017226,00005.000000
0000000017227,00005.000000
0000000017228,00005.000000
0000000017229,00005.000000
0000000017230,00005.000000
0000000017231,00005.000000
0000000017232,00005.000000
0000000017233,00005.000000
0000000017234,00005.000000
0000000017235,00005.000000
0000000017236,00005.000000
0000000017237,00005.000000
0000000017238,00005.000000
0000000017239,00005.000000
0000000017240,00005.000000
0000000017241,00005.000000
0000000017242,00005.000000
0000000017243,00005.000000
0000000017244,00005.000000
0000000017245,00005.000000
0000000017246,00005.000000
0000000017247,00005.000000
0000000017248,00005.000000
0000000017249,00005.000000
0000000017250,00005.000000
0000000017251,00005.000000
0000000017252,00005.000000
0000000017253,00005.000000
0000000017254,00005.000000
0000000017255,00005.000000
0000000017256,00005.000000
0000000017257,00005.000000
0000000017258,00005.000000
0000000017259,00005.000000
0000000017260,00005.000000
0000000017261,00005.000000
0000000017262,00005.000000
0000000017263,00005.000000
0000000017264,00005.000000
0000000017265,00005.000000
0000000017266,00005.000000
0000000017267,00005.000000
0000000017268,00005.000000
0000000017269,00005.000000
0000000017270,00005.000000
0000000017271,00005.000000
0000000017272,00005.000000
0000000017273,00005.000000
0000000017274,00005.000000
0000000017275,00005.000000
0000000017276,00005.000000
0000000017277,00005.000000
0000000017278,00005.000000
0000000017279,00005.000000
0000000017280,00005.000000
0000000017281,00005.000000
0000000017282,00005.000000
0000000017283,00005.000000
0000000017284,00005.000000
0000000017285,00005.000000
0000000017286,00005.000000
0000000017287,00005.000000
0000000017288,00005.000000
0000000017289,00005.000000
0000000017290,00005.000000
0000000017291,00005.000000
0000000017292,00005.000000
0000000017293,00005.000000
0000000017294,00005.000000
0000000017295,00005.000000
0000000017296,00005.000000
0000000017297,00005.000000
0000000017298,00005.000000
0000000017299,00005.000000
0000000017300,00005.000000
0000000017301,00005.000000
0000000017302,00005.000000
0000000017303,00005.000000
0000000017304,00005.000000
0000000017305,00005.000000
0000000017306,00005.000000
0000000017307,00005.000000
0000000017308,00005.000000
0000000017309,00005.000000
0000000017310,00005.000000
0000000017311,00005.000000
0000000017312,00005.000000
0000000017313,00005.000000
0000000017314,00005.000000
0000000017315,00005.000000
0000000017316,00005.000000
0000000017317,00005.000000
0000000017318,00005.000000
0000000017319,00005.000000
0000000017320,00005.000000
0000000017321,00005.000000
0000000017322,00005.000000
0000000017323,00005.000000
0000000017324,00005.000000
0000000017325,00005.000000
0000000017326,00005.000000
0000000017327,00005.000000
0000000017328,00005.000000
0000000017329,00005.000000
0000000017330,00005.000000
0000000017331,00005.000000
0000000017332,00005.000000
0000000017333,00005.000000
0000000017334,00005.000000
0000000017335,00005.000000
0000000017336,00005.000000
0000000017337,00005.000000
0000000017338,00005.000000
0000000017339,00005.000000
0000000017340,00005.000000
0000000017341,00005.000000
0000000017342,00005.000000
0000000017343,00005.000000
0000000017344,00005.000000
0000000017345,00005.000000
0000000017346,00005.000000
0000000017347,00005.000000
0000000017348,00005.000000
0000000017349,00005.000000
0000000017350,00005.000000
0000000017351,00005.000000
0000000017352,00005.000000
0000000017353,00005.000000
0000000017354,00005.000000
0000000017355,00005.000000
0000000017356,00005.000000
0000000017357,00005.000000
0000000017358,00005.000000
0000000017359,00005.000000
0000000017360,00005.000000
0000000017361,00005.000000
0000000017362,00005.000000
0000000017363,00005.000000
0000000017364,00005.000000
0000000017365,00005.000000
0000000017366,00005.000000
0000000017367,00005.000000
0000000017368,00005.000000
0000000017369,00005.000000
0000000017370,00005.000000
0000000017371,00005.000000
0000000017372,00005.000000
0000000017373,00005.000000
0000000017374,00005.000000
0000000017375,00005.000000
0000000017376,00005.000000
0000000017377,00005.000000
0000000017378,00005.000000
0000000017379,00005.000000
0000000017380,00005.000000
0000000017381,00005.000000
0000000017382,00005.000000
0000000017383,00005.000000
0000000017384,00005.000000
0000000017385,00005.000000
0000000017386,00005.000000
0000000017387,00005.000000
0000000017388,00005.000000
0000000017389,00005.000000
0000000017390,00005.000000
0000000017391,00005.000000
0000000017392,00005.000000
0000000017393,00005.000000
0000000017394,00005.000000
0000000017395,00005.000000
0000000017396,00005.000000
0000000017397,00005.000000
0000000017398,00005.000000
0000000017399,00005.000000
0000000017400,00005.000000
0000000017401,00005.000000
0000000017402,00005.000000
0000000017403,00005.000000
0000000017404,00005.000000
0000000017405,00005.000000
0000000017406,00005.000000
0000000017407,00005.000000
0000000017408,00005.000000
0000000017409,00005.000000
0000000017410,00005.000000
0000000017411,00005.000000
0000000017412,00005.000000
0000000017413,00005.000000
0000000017414,00005.000000
0000000017415,00005.000000
0000000017416,00005.000000
0000000017417,00005.000000
0000000017418,00005.000000
0000000017419,00005.000000
0000000017420,00005.000000
0000000017421,00005.000000
0000000017422,00005.000000
0000000017423,00005.000000
0000000017424,00005.000000
0000000017425,00005.000000
0000000017426,00005.000000
0000000017427,00005.000000
0000000017428,00005.000000
0000000017429,00005.000000
0000000017430,00005.000000
0000000017431,00005.000000
0000000017432,00005.000000
0000000017433,00005.000000
0000000017434,00005.000000
0000000017435,00005.000000
0000000017436,00005.000000
0000000017437,00005.000000
0000000017438,00005.000000
0000000017439,00005.000000
0000000017440,00005.000000
0000000017441,00005.000000
0000000017442,00005.000000
0000000017443,00005.000000
0000000017444,00005.000000
0000000017445,00005.000000
0000000017446,00005.000000
0000000017447,00005.000000
0000000017448,00005.000000
0000000017449,00005.000000
0000000017450,00005.000000
0000000017451,00005.000000
0000000017452,00005.000000
0000000017453,00005.000000
0000000017454,00005.000000
0000000017455,00005.000000
0000000017456,00005.000000
0000000017457,00005.000000
0000000017458,00005.000000
0000000017459,00005.000000
0000000017460,00005.000000
0000000017461,00005.000000
0000000017462,00005.000000
0000000017463,00005.000000
0000000017464,00005.000000
0000000017465,00005.000000
0000000017466,00005.000000
0000000017467,00005.000000
0000000017468,00005.000000
0000000017469,00005.000000
0000000017470,00005.000000
0000000017471,00005.000000
0000000017472,00005.000000
0000000017473,00005.000000
0000000017474,00005.000000
0000000017475,00005.000000
0000000017476,00005.000000
0000000017477,00005.000000
0000000017478,00005.000000
0000000017479,00005.000000
0000000017480,00005.000000
0000000017481,00005.000000
0000000017482,00005.000000
0000000017483,00005.000000
0000000017484,00005.000000
0000000017485,00005.000000
0000000017486,00005.000000
0000000017487,00005.000000
0000000017488,00005.000000
0000000017489,00005.000000
0000000017490,00005.000000
0000000017491,00005.000000
0000000017492,00005.000000
0000000017493,00005.000000
0000000017494,00005.000000
0000000017495,00005.000000
0000000017496,00005.000000
0000000017497,00005.000000
0000000017498,00005.000000
0000000017499,00005.000000
0000000017500,00005.000000
0000000017501,00005.000000
0000000017502,00005.000000
0000000017503,00005.000000
0000000017504,00005.000000
0000000017505,00005.000000
0000000017506,00005.000000
0000000017507,00005.000000
0000000017508,00005.000000
0000000017509,00005.000000
0000000017510,00005.000000
0000000017511,00005.000000
0000000017512,00005.000000
0000000017513,00005.000000
0000000017514,00005.000000
0000000017515,00005.000000
0000000017516,00005.000000
0000000017517,00005.000000
0000000017518,00005.000000
0000000017519,00005.000000
0000000017520,00005.000000
0000000017521,00005.000000
0000000017522,00005.000000
0000000017523,00005.000000
0000000017524,00005.000000
0000000017525,00005.000000
0000000017526,00005.000000
0000000017527,00005.000000
0000000017528,00005.000000
0000000017529,00005.000000
0000000017530,00005.000000
0000000017531,00005.000000
0000000017532,00005.000000
0000000017533,00005.000000
0000000017534,00005.000000
0000000017535,00005.000000
0000000017536,00005.000000
0000000017537,00005.000000
0000000017538,00005.000000
0000000017539,00005.000000
0000000017540,00005.000000
0000000017541,00005.000000
0000000017542,00005.000000
0000000017543,00005.000000
0000000017544,00005.000000
0000000017545,00005.000000
0000000017546,00005.000000
0000000017547,00005.000000
0000000017548,00005.000000
0000000017549,00005.000000
0000000017550,00005.000000
0000000017551,00005.000000
0000000017552,00005.000000
0000000017553,00005.000000
0000000017554,00005.000000
0000000017555,00005.000000
0000000017556,00005.000000
0000000017557,00005.000000
0000000017558,00005.000000
0000000017559,00005.000000
0000000017560,00005.000000
0000000017561,00005.000000
0000000017562,00005.000000
0000000017563,00005.000000
0000000017564,00005.000000
0000000017565,00005.000000
0000000017566,00005.000000
0000000017567,00005.000000
0000000017568,00005.000000
0000000017569,00005.000000
0000000017570,00005.000000
0000000017571,00005.000000
0000000017572,00005.000000
0000000017573,00005.000000
0000000017574,00005.000000
0000000017575,00005.000000
0000000017576,00005.000000
0000000017577,00005.000000
0000000017578,00005.000000
0000000017579,00005.000000
0000000017580,00005.000000
0000000017581,00005.000000
0000000017582,00005.000000
0000000017583,00005.000000
0000000017584,00005.000000
0000000017585,00005.000000
0000000017586,00005.000000
0000000017587,00005.000000
0000000017588,00005.000000
0000000017589,00005.000000
0000000017590,00005.000000
0000000017591,00005.000000
0000000017592,00005.000000
0000000017593,00005.000000
0000000017594,00005.000000
0000000017595,00005.000000
0000000017596,00005.000000
0000000017597,00005.000000
0000000017598,00005.000000
0000000017599,00005.000000
0000000017600,00005.000000
0000000017601,00005.000000
0000000017602,00005.000000
0000000017603,00005.000000
0000000017604,00005.000000
0000000017605,00005.000000
0000000017606,00005.000000
0000000017607,00005.000000
0000000017608,00005.000000
0000000017609,00005.000000
0000000017610,00005.000000
0000000017611,00005.000000
0000000017612,00005.000000
0000000017613,00005.000000
0000000017614,00005.000000
0000000017615,00005.000000
0000000017616,00005.000000
0000000017617,00005.000000
0000000017618,00005.000000
0000000017619,00005.000000
0000000017620,00005.000000
0000000017621,00005.000000
0000000017622,00005.000000
0000000017623,00005.000000
0000000017624,00005.000000
0000000017625,00005.000000
0000000017626,00005.000000
0000000017627,00005.000000
0000000017628,00005.000000
0000000017629,00005.000000
0000000017630,00005.000000
0000000017631,00005.000000
0000000017632,00005.000000
0000000017633,00005.000000
0000000017634,00005.000000
0000000017635,00005.000000
0000000017636,00005.000000
0000000017637,00005.000000
0000000017638,00005.000000
0000000017639,00005.000000
0000000017640,00005.000000
0000000017641,00005.000000
0000000017642,00005.000000
0000000017643,00005.000000
0000000017644,00005.000000
0000000017645,00005.000000
0000000017646,00005.000000
0000000017647,00005.000000
0000000017648,00005.000000
0000000017649,00005.000000
0000000017650,00005.000000
0000000017651,00005.000000
0000000017652,00005.000000
0000000017653,00005.000000
0000000017654,00005.000000
0000000017655,00005.000000
0000000017656,00005.000000
0000000017657,00005.000000
0000000017658,00005.000000
0000000017659,00005.000000
0000000017660,00005.000000
0000000017661,00005.000000
0000000017662,00005.000000
0000000017663,00005.000000
0000000017664,00005.000000
0000000017665,00005.000000
0000000017666,00005.000000
0000000017667,00005.000000
0000000017668,00005.000000
0000000017669,00005.000000
0000000017670,00005.000000
0000000017671,00005.000000
0000000017672,00005.000000
0000000017673,00005.000000
0000000017674,00005.000000
0000000017675,00005.000000
0000000017676,00005.000000
0000000017677,00005.000000
0000000017678,00005.000000
0000000017679,00005.000000
0000000017680,00005.000000
0000000017681,00005.000000
0000000017682,00005.000000
0000000017683,00005.000000
0000000017684,00005.000000
0000000017685,00005.000000
0000000017686,00005.000000
0000000017687,00005.000000
0000000017688,00005.000000
0000000017689,00005.000000
0000000017690,00005.000000
0000000017691,00005.000000
0000000017692,00005.000000
0000000017693,00005.000000
0000000017694,00005.000000
0000000017695,00005.000000
0000000017696,00005.000000
0000000017697,00005.000000
0000000017698,00005.000000
0000000017699,00005.000000
0000000017700,00005.000000
0000000017701,00005.000000
0000000017702,00005.000000
0000000017703,00005.000000
0000000017704,00005.000000
0000000017705,00005.000000
0000000017706,00005.000000
0000000017707,00005.000000
0000000017708,00005.000000
0000000017709,00005.000000
0000000017710,00005.000000
0000000017711,00005.000000
0000000017712,00005.000000
0000000017713,00005.000000
0000000017714,00005.000000
0000000017715,00005.000000
0000000017716,00005.000000
0000000017717,00005.000000
0000000017718,00005.000000
0000000017719,00005.000000
0000000017720,00005.000000
0000000017721,00005.000000
0000000017722,00005.000000
0000000017723,00005.000000
0000000017724,00005.000000
0000000017725,00005.000000
0000000017726,00005.000000
0000000017727,00005.000000
0000000017728,00005.000000
0000000017729,00005.000000
0000000017730,00005.000000
0000000017731,00005.000000
0000000017732,00005.000000
0000000017733,00005.000000
0000000017734,00005.000000
0000000017735,00005.000000
0000000017736,00005.000000
0000000017737,00005.000000
0000000017738,00005.000000
0000000017739,00005.000000
0000000017740,00005.000000
0000000017741,00005.000000
0000000017742,00005.000000
0000000017743,00005.000000
0000000017744,00005.000000
0000000017745,00005.000000
0000000017746,00005.000000
0000000017747,00005.000000
0000000017748,00005.000000
0000000017749,00005.000000
0000000017750,00005.000000
0000000017751,00005.000000
0000000017752,00005.000000
0000000017753,00005.000000
0000000017754,00005.000000
0000000017755,00005.000000
0000000017756,00005.000000
0000000017757,00005.000000
0000000017758,00005.000000
0000000017759,00005.000000
0000000017760,00005.000000
0000000017761,00005.000000
0000000017762,00005.000000
0000000017763,00005.000000
0000000017764,00005.000000
0000000017765,00005.000000
0000000017766,00005.000000
0000000017767,00005.000000
0000000017768,00005.000000
0000000017769,00005.000000
0000000017770,00005.000000
0000000017771,00005.000000
0000000017772,00005.000000
0000000017773,00005.000000
0000000017774,00005.000000
0000000017775,00005.000000
0000000017776,00005.000000
0000000017777,00005.000000
0000000017778,00005.000000
0000000017779,00005.000000
0000000017780,00005.000000
0000000017781,00005.000000
0000000017782,00005.000000
0000000017783,00005.000000
0000000017784,00005.000000
0000000017785,00005.000000
0000000017786,00005.000000
0000000017787,00005.000000
0000000017788,00005.000000
0000000017789,00005.000000
0000000017790,00005.000000
0000000017791,00005.000000
0000000017792,00005.000000
0000000017793,00005.000000
0000000017794,00005.000000
0000000017795,00005.000000
0000000017796,00005.000000
0000000017797,00005.000000
0000000017798,00005.000000
0000000017799,00005.000000
0000000017800,00005.000000
0000000017801,00005.000000
0000000017802,00005.000000
0000000017803,00005.000000
0000000017804,00005.000000
0000000017805,00005.000000
0000000017806,00005.000000
0000000017807,00005.000000
0000000017808,00005.000000
0000000017809,00005.000000
0000000017810,00005.000000
0000000017811,00005.000000
0000000017812,00005.000000
0000000017813,00005.000000
0000000017814,00005.000000
0000000017815,00005.000000
0000000017816,00005.000000
0000000017817,00005.000000
0000000017818,00005.000000
0000000017819,00005.000000
0000000017820,00005.000000
0000000017821,00005.000000
0000000017822,00005.000000
0000000017823,00005.000000
0000000017824,00005.000000
0000000017825,00005.000000
0000000017826,00005.000000
0000000017827,00005.000000
0000000017828,00005.000000
0000000017829,00005.000000
0000000017830,00005.000000
0000000017831,00005.000000
0000000017832,00005.000000
0000000017833,00005.000000
0000000017834,00005.000000
0000000017835,00005.000000
0000000017836,00005.000000
0000000017837,00005.000000
0000000017838,00005.000000
0000000017839,00005.000000
0000000017840,00005.000000
0000000017841,00005.000000
0000000017842,00005.000000
0000000017843,00005.000000
0000000017844,00005.000000
0000000017845,00005.000000
0000000017846,00005.000000
0000000017847,00005.000000
0000000017848,00005.000000
0000000017849,00005.000000
0000000017850,00005.000000
0000000017851,00005.000000
0000000017852,00005.000000
0000000017853,00005.000000
0000000017854,00005.000000
0000000017855,00005.000000
0000000017856,00005.000000
0000000017857,00005.000000
0000000017858,00005.000000
0000000017859,00005.000000
0000000017860,00005.000000
0000000017861,00005.000000
0000000017862,00005.000000
0000000017863,00005.000000
0000000017864,00005.000000
0000000017865,00005.000000
0000000017866,00005.000000
0000000017867,00005.000000
0000000017868,00005.000000
0000000017869,00005.000000
0000000017870,00005.000000
0000000017871,00005.000000
0000000017872,00005.000000
0000000017873,00005.000000
0000000017874,00005.000000
0000000017875,00005.000000
0000000017876,00005.000000
0000000017877,00005.000000
0000000017878,00005.000000
0000000017879,00005.000000
0000000017880,00005.000000
0000000017881,00005.000000
0000000017882,00005.000000
0000000017883,00005.000000
0000000017884,00005.000000
0000000017885,00005.000000
0000000017886,00005.000000
0000000017887,00005.000000
0000000017888,00005.000000
0000000017889,00005.000000
0000000017890,00005.000000
0000000017891,00005.000000
0000000017892,00005.000000
0000000017893,00005.000000
0000000017894,00005.000000
0000000017895,00005.000000
0000000017896,00005.000000
0000000017897,00005.000000
0000000017898,00005.000000
0000000017899,00005.000000
0000000017900,00005.000000
0000000017901,00005.000000
0000000017902,00005.000000
0000000017903,00005.000000
0000000017904,00005.000000
0000000017905,00005.000000
0000000017906,00005.000000
0000000017907,00005.000000
0000000017908,00005.000000
0000000017909,00005.000000
0000000017910,00005.000000
0000000017911,00005.000000
0000000017912,00005.000000
0000000017913,00005.000000
0000000017914,00005.000000
0000000017915,00005.000000
0000000017916,00005.000000
0000000017917,00005.000000
0000000017918,00005.000000
0000000017919,00005.000000
0000000017920,00005.000000
0000000017921,00005.000000
0000000017922,00005.000000
0000000017923,00005.000000
0000000017924,00005.000000
0000000017925,00005.000000
0000000017926,00005.000000
0000000017927,00005.000000
0000000017928,00005.000000
0000000017929,00005.000000
0000000017930,00005.000000
0000000017931,00005.000000
0000000017932,00005.000000
0000000017933,00005.000000
0000000017934,00005.000000
0000000017935,00005.000000
0000000017936,00005.000000
0000000017937,00005.000000
0000000017938,00005.000000
0000000017939,00005.000000
0000000017940,00005.000000
0000000017941,00005.000000
0000000017942,00005.000000
0000000017943,00005.000000
0000000017944,00005.000000
0000000017945,00005.000000
0000000017946,00005.000000
0000000017947,00005.000000
0000000017948,00005.000000
0000000017949,00005.000000
0000000017950,00005.000000
0000000017951,00005.000000
0000000017952,00005.000000
0000000017953,00005.000000
0000000017954,00005.000000
0000000017955,00005.000000
0000000017956,00005.000000
0000000017957,00005.000000
0000000017958,00005.000000
0000000017959,00005.000000
0000000017960,00005.000000
0000000017961,00005.000000
0000000017962,00005.000000
0000000017963,00005.000000
0000000017964,00005.000000
0000000017965,00005.000000
0000000017966,00005.000000
0000000017967,00005.000000
0000000017968,00005.000000
0000000017969,00005.000000
0000000017970,00005.000000
0000000017971,00005.000000
0000000017972,00005.000000
0000000017973,00005.000000
0000000017974,00005.000000
0000000017975,00005.000000
0000000017976,00005.000000
0000000017977,00005.000000
0000000017978,00005.000000
0000000017979,00005.000000
0000000017980,00005.000000
0000000017981,00005.000000
0000000017982,00005.000000
0000000017983,00005.000000
0000000017984,00005.000000
0000000017985,00005.000000
0000000017986,00005.000000
0000000017987,00005.000000
0000000017988,00005.000000
0000000017989,00005.000000
0000000017990,00005.000000
0000000017991,00005.000000
0000000017992,00005.000000
0000000017993,00005.000000
0000000017994,00005.000000
0000000017995,00005.000000
0000000017996,00005.000000
0000000017997,00005.000000
0000000017998,00005.000000
0000000017999,00005.000000
0000000018000,00005.000000
0000000018001,00005.000000
0000000018002,00005.000000
0000000018003,00005.000000
0000000018004,00005.000000
0000000018005,00005.000000
0000000018006,00005.000000
0000000018007,00005.000000
0000000018008,00005.000000
0000000018009,00005.000000
0000000018010,00005.000000
0000000018011,00005.000000
0000000018012,00005.000000
0000000018013,00005.000000
0000000018014,00005.000000
0000000018015,00005.000000
0000000018016,00005.000000
0000000018017,00005.000000
0000000018018,00005.000000
0000000018019,00005.000000
0000000018020,00005.000000
0000000018021,00005.000000
0000000018022,00005.000000
0000000018023,00005.000000
0000000018024,00005.000000
0000000018025,00005.000000
0000000018026,00005.000000
0000000018027,00005.000000
0000000018028,00005.000000
0000000018029,00005.000000
0000000018030,00005.000000
0000000018031,00005.000000
0000000018032,00005.000000
0000000018033,00005.000000
0000000018034,00005.000000
0000000018035,00005.000000
0000000018036,00005.000000
0000000018037,00005.000000
0000000018038,00005.000000
0000000018039,00005.000000
0000000018040,00005.000000
0000000018041,00005.000000
0000000018042,00005.000000
0000000018043,00005.000000
0000000018044,00005.000000
0000000018045,00005.000000
0000000018046,00005.000000
0000000018047,00005.000000
0000000018048,00005.000000
0000000018049,00005.000000
0000000018050,00005.000000
0000000018051,00005.000000
0000000018052,00005.000000
0000000018053,00005.000000
0000000018054,00005.000000
0000000018055,00005.000000
0000000018056,00005.000000
0000000018057,00005.000000
0000000018058,00005.000000
0000000018059,00005.000000
0000000018060,00005.000000
0000000018061,00005.000000
0000000018062,00005.000000
0000000018063,00005.000000
0000000018064,00005.000000
0000000018065,00005.000000
0000000018066,00005.000000
0000000018067,00005.000000
0000000018068,00005.000000
0000000018069,00005.000000
0000000018070,00005.000000
0000000018071,00005.000000
0000000018072,00005.000000
0000000018073,00005.000000
0000000018074,00005.000000
0000000018075,00005.000000
0000000018076,00005.000000
0000000018077,00005.000000
0000000018078,00005.000000
0000000018079,00005.000000
0000000018080,00005.000000
0000000018081,00005.000000
0000000018082,00005.000000
0000000018083,00005.000000
0000000018084,00005.000000
0000000018085,00005.000000
0000000018086,00005.000000
0000000018087,00005.000000
0000000018088,00005.000000
0000000018089,00005.000000
0000000018090,00005.000000
0000000018091,00005.000000
0000000018092,00005.000000
0000000018093,00005.000000
