0000000014618,00228.015096
0000000014619,00228.029815
0000000014620,00228.044661
0000000014621,00228.059878
0000000014622,00228.079875
0000000014623,00228.094817
0000000014624,00228.109823
0000000014625,00228.124836
0000000014626,00228.139747
0000000014627,00228.155120
0000000014628,00228.169779
0000000014629,00228.184721
0000000014630,00228.205086
0000000014631,00228.219751
0000000014632,00228.234779
0000000014633,00228.249795
0000000014634,00228.266043
0000000014635,00228.280725
0000000014636,00228.295760
0000000014637,00228.311157
0000000014638,00228.325778
0000000014639,00228.340747
0000000014640,00228.361194
0000000014641,00228.375806
0000000014642,00228.390879
0000000014643,00228.406011
0000000014644,00228.420657
0000000014645,00228.435948
0000000014646,00228.450776
0000000014647,00228.466167
0000000014648,00228.481047
0000000014649,00228.500808
0000000014650,00228.515869
0000000014651,00228.530835
0000000014652,00228.545785
0000000014653,00228.560746
0000000014654,00228.575902
0000000014655,00228.591017
0000000014656,00228.605772
0000000014657,00228.625868
0000000014658,00228.640818
0000000014659,00228.655900
0000000014660,00228.670717
0000000014661,00228.685968
0000000014662,00228.700782
0000000014663,00228.715779
0000000014664,00228.730726
0000000014665,00228.750849
0000000014666,00228.765835
0000000014667,00228.780829
0000000014668,00228.795787
0000000014669,00228.810735
0000000014670,00228.825999
0000000014671,00228.840760
0000000014672,00228.855738
0000000014673,00228.870821
0000000014674,00228.890793
0000000014675,00228.905987
0000000014676,00228.920839
0000000014677,00228.935754
0000000014678,00228.950850
0000000014679,00228.965827
0000000014680,00228.980713
0000000014681,00228.995743
0000000014682,00229.015846
0000000014683,00229.030865
0000000014684,00229.046004
0000000014685,00229.060763
0000000014686,00229.075830
0000000014687,00229.090843
0000000014688,00229.106036
0000000014689,00229.120810
0000000014690,00229.141120
0000000014691,00229.155741
0000000014692,00229.170845
0000000014693,00229.185789
0000000014694,00229.200876
0000000014695,00229.215717
0000000014696,00229.230828
0000000014697,00229.245892
0000000014698,00229.260797
0000000014699,00229.281075
0000000014700,00229.296085
0000000014701,00229.310862
0000000014702,00229.325870
0000000014703,00229.340805
0000000014704,00229.356008
0000000014705,00229.370909
0000000014706,00229.385858
0000000014707,00229.406025
0000000014708,00229.420930
0000000014709,00229.436155
0000000014710,00229.450807
0000000014711,00229.465883
0000000014712,00229.480913
0000000014713,00229.495917
0000000014714,00229.511135
0000000014715,00229.531126
0000000014716,00229.545791
0000000014717,00229.560878
0000000014718,00229.575868
0000000014719,00229.590815
0000000014720,00229.606196
0000000014721,00229.620863
0000000014722,00229.635773
0000000014723,00229.650814
0000000014724,00229.670995
0000000014725,00229.685800
0000000014726,00229.701139
0000000014727,00229.715857
0000000014728,00229.730761
0000000014729,00229.746081
0000000014730,00229.760898
0000000014731,00229.776032
0000000014732,00229.796190
0000000014733,00229.811073
0000000014734,00229.825791
0000000014735,00229.840858
0000000014736,00229.856095
0000000014737,00229.870832
0000000014738,00229.885856
0000000014739,00229.900839
0000000014740,00229.920794
0000000014741,00229.935874
0000000014742,00229.950807
0000000014743,00229.965919
0000000014744,00229.980882
0000000014745,00229.996052
0000000014746,00230.010889
0000000014747,00230.025859
0000000014748,00230.040875
0000000014749,00230.060872
0000000014750,00230.075940
0000000014751,00230.090998
0000000014752,00230.105949
0000000014753,00230.120901
0000000014754,00230.135940
0000000014755,00230.150749
0000000014756,00230.165830
0000000014757,00230.186226
0000000014758,00230.200797
0000000014759,00230.215918
0000000014760,00230.230856
0000000014761,00230.246055
0000000014762,00230.260991
0000000014763,00230.275836
0000000014764,00230.290771
0000000014765,00230.310905
0000000014766,00230.325850
0000000014767,00230.340781
0000000014768,00230.356057
0000000014769,00230.370955
0000000014770,00230.385833
0000000014771,00230.400775
0000000014772,00230.416039
0000000014773,00230.430853
0000000014774,00230.446787
0000000014775,00230.466906
0000000014776,00230.482039
0000000014777,00230.496876
0000000014778,00230.512168
0000000014779,00230.526967
0000000014780,00230.541889
0000000014781,00230.556800
0000000014782,00230.571878
0000000014783,00230.586790
0000000014784,00230.607132
0000000014785,00230.621799
0000000014786,00230.636891
0000000014787,00230.651853
0000000014788,00230.667205
0000000014789,00230.681941
0000000014790,00230.696898
0000000014791,00230.711783
0000000014792,00230.732244
0000000014793,00230.746853
0000000014794,00230.762004
0000000014795,00230.776889
0000000014796,00230.792012
0000000014797,00230.807139
0000000014798,00230.821950
0000000014799,00230.836899
0000000014800,00230.851805
0000000014801,00230.872073
0000000014802,00230.886890
0000000014803,00230.901855
0000000014804,00230.916864
0000000014805,00230.931910
0000000014806,00230.946808
0000000014807,00230.961825
0000000014808,00230.976890
0000000014809,00230.997004
0000000014810,00231.011885
0000000014811,00231.026914
0000000014812,00231.041933
0000000014813,00231.056884
0000000014814,00231.071824
0000000014815,00231.086994
0000000014816,00231.101906
0000000014817,00231.122103
0000000014818,00231.139760
0000000014819,00231.151955
0000000014820,00231.166890
0000000014821,00231.182009
0000000014822,00231.197101
0000000014823,00231.211869
0000000014824,00231.227148
0000000014825,00231.241954
0000000014826,00231.262254
0000000014827,00231.276862
0000000014828,00231.291897
0000000014829,00231.306953
0000000014830,00231.321839
0000000014831,00231.336906
0000000014832,00231.352180
0000000014833,00231.366894
0000000014834,00231.387279
0000000014835,00231.402221
0000000014836,00231.416866
0000000014837,00231.431843
0000000014838,00231.447142
0000000014839,00231.461884
0000000014840,00231.477147
0000000014841,00231.491917
0000000014842,00231.511886
0000000014843,00231.527158
0000000014844,00231.541935
0000000014845,00231.556955
0000000014846,00231.571896
0000000014847,00231.586931
0000000014848,00231.602065
0000000014849,00231.616908
0000000014850,00231.632170
0000000014851,00231.651928
0000000014852,00231.666917
0000000014853,00231.681911
0000000014854,00231.696920
0000000014855,00231.711854
0000000014856,00231.726965
0000000014857,00231.741880
0000000014858,00231.756973
0000000014859,00231.777045
0000000014860,00231.791852
0000000014861,00231.806934
0000000014862,00231.821885
0000000014863,00231.836793
0000000014864,00231.851975
0000000014865,00231.866862
0000000014866,00231.882103
0000000014867,00231.901952
0000000014868,00231.916915
0000000014869,00231.931852
0000000014870,00231.947290
0000000014871,00231.963077
0000000014872,00231.976885
0000000014873,00231.991864
0000000014874,00232.007074
0000000014875,00232.021832
0000000014876,00232.042100
0000000014877,00232.056929
0000000014878,00232.071874
0000000014879,00232.086905
0000000014880,00232.101913
0000000014881,00232.116877
0000000014882,00232.131912
0000000014883,00232.147191
0000000014884,00232.166894
0000000014885,00232.182082
0000000014886,00232.197096
0000000014887,00232.211805
0000000014888,00232.227261
0000000014889,00232.241895
0000000014890,00232.256929
0000000014891,00232.271922
0000000014892,00232.291968
0000000014893,00232.306850
0000000014894,00232.321906
0000000014895,00232.337131
0000000014896,00232.351888
0000000014897,00232.367257
0000000014898,00232.381891
0000000014899,00232.397194
0000000014900,00232.411828
0000000014901,00232.431969
0000000014902,00232.447031
0000000014903,00232.462279
0000000014904,00232.477205
0000000014905,00232.491973
0000000014906,00232.507123
0000000014907,00232.522049
0000000014908,00232.537012
0000000014909,00232.557203
0000000014910,00232.571970
0000000014911,00232.586942
0000000014912,00232.601982
0000000014913,00232.617126
0000000014914,00232.631964
0000000014915,00232.646941
0000000014916,00232.662122
0000000014917,00232.682190
0000000014918,00232.697113
0000000014919,00232.712012
0000000014920,00232.726862
0000000014921,00232.741908
0000000014922,00232.756918
0000000014923,00232.771845
0000000014924,00232.787217
0000000014925,00232.801887
0000000014926,00232.822226
0000000014927,00232.837229
0000000014928,00232.851942
0000000014929,00232.866876
0000000014930,00232.882218
0000000014931,00232.896959
0000000014932,00232.911857
0000000014933,00232.927210
0000000014934,00232.947021
0000000014935,00232.961935
0000000014936,00232.976968
0000000014937,00232.991982
0000000014938,00233.007162
0000000014939,00233.021900
0000000014940,00233.036926
0000000014941,00233.051962
0000000014942,00233.071926
0000000014943,00233.087066
0000000014944,00233.101838
0000000014945,00233.117205
0000000014946,00233.132264
0000000014947,00233.146977
0000000014948,00233.161951
0000000014949,00233.176955
0000000014950,00233.191869
0000000014951,00233.211930
0000000014952,00233.226937
0000000014953,00233.241962
0000000014954,00233.257175
0000000014955,00233.272206
0000000014956,00233.286906
0000000014957,00233.301941
0000000014958,00233.317113
0000000014959,00233.336938
0000000014960,00233.351932
0000000014961,00233.367006
0000000014962,00233.381908
0000000014963,00233.397076
0000000014964,00233.412113
0000000014965,00233.427283
0000000014966,00233.441892
0000000014967,00233.462312
0000000014968,00233.476930
0000000014969,00233.492169
0000000014970,00233.506928
0000000014971,00233.521930
0000000014972,00233.536955
0000000014973,00233.551927
0000000014974,00233.566906
0000000014975,00233.582068
0000000014976,00233.602168
0000000014977,00233.616899
0000000014978,00233.632185
0000000014979,00233.647159
0000000014980,00233.661991
0000000014981,00233.676964
0000000014982,00233.692050
0000000014983,00233.706856
0000000014984,00233.727125
0000000014985,00233.741997
0000000014986,00233.756950
0000000014987,00233.771922
0000000014988,00233.786985
0000000014989,00233.801965
0000000014990,00233.817039
0000000014991,00233.832128
0000000014992,00233.852153
0000000014993,00233.867028
0000000014994,00233.882275
0000000014995,00233.896960
0000000014996,00233.911979
0000000014997,00233.927261
0000000014998,00233.941856
0000000014999,00233.957159
0000000015000,00233.971971
0000000015001,00233.991938
0000000015002,00234.007150
0000000015003,00234.021924
0000000015004,00234.036957
0000000015005,00234.052062
0000000015006,00234.066939
0000000015007,00234.081965
0000000015008,00234.096987
0000000015009,00234.117363
0000000015010,00234.131995
0000000015011,00234.146943
0000000015012,00234.162025
0000000015013,00234.177034
0000000015014,00234.192234
0000000015015,00234.207225
0000000015016,00234.221991
0000000015017,00234.242263
0000000015018,00234.310214
0000000015019,00234.365926
0000000015020,00234.388029
0000000015021,00234.410988
0000000015022,00234.434901
0000000015023,00234.457314
0000000015024,00234.483076
0000000015025,00234.505710
0000000015026,00234.528295
0000000015027,00234.550797
0000000015028,00234.574362
0000000015029,00234.596591
0000000015030,00234.622037
0000000015031,00234.644810
0000000015032,00234.667641
0000000015033,00234.690496
0000000015034,00234.715896
0000000015035,00234.741534
0000000015036,00234.764749
0000000015037,00234.787155
0000000015038,00234.811850
0000000015039,00234.837293
0000000015040,00234.860396
0000000015041,00234.882658
0000000015042,00234.904792
0000000015043,00234.927260
0000000015044,00234.951463
0000000015045,00234.974127
0000000015046,00234.998198
0000000015047,00235.024911
0000000015048,00235.050567
0000000015049,00235.074717
0000000015050,00235.097086
0000000015051,00235.119460
0000000015052,00235.142197
0000000015053,00235.167606
0000000015054,00235.189987
0000000015055,00235.212413
0000000015056,00235.235889
0000000015057,00235.258449
0000000015058,00235.280811
0000000015059,00235.303372
0000000015060,00235.325486
0000000015061,00235.347917
0000000015062,00235.370861
0000000015063,00235.393663
0000000015064,00235.418033
0000000015065,00235.440526
0000000015066,00235.462628
0000000015067,00235.486412
0000000015068,00235.509098
0000000015069,00235.532549
0000000015070,00235.558456
0000000015071,00235.580967
0000000015072,00235.606827
0000000015073,00235.629655
0000000015074,00235.653969
0000000015075,00235.676381
0000000015076,00235.698689
0000000015077,00235.725020
0000000015078,00235.749673
0000000015079,00235.772485
0000000015080,00235.796303
0000000015081,00235.822162
0000000015082,00235.844683
0000000015083,00235.869163
0000000015084,00235.892337
0000000015085,00235.916929
0000000015086,00235.945515
0000000015087,00235.968800
0000000015088,00235.995041
0000000015089,00236.017689
0000000015090,00236.042413
0000000015091,00236.065016
0000000015092,00236.087045
0000000015093,00236.109073
0000000015094,00236.131321
0000000015095,00236.155559
0000000015096,00236.177995
0000000015097,00236.199793
0000000015098,00236.225890
0000000015099,00236.247860
0000000015100,00236.270782
0000000015101,00236.292720
0000000015102,00236.315386
0000000015103,00236.339951
0000000015104,00236.362703
0000000015105,00236.384696
0000000015106,00236.406825
0000000015107,00236.432185
0000000015108,00236.454354
0000000015109,00236.476270
0000000015110,00236.498284
0000000015111,00236.524147
0000000015112,00236.546292
0000000015113,00236.572250
0000000015114,00236.596661
0000000015115,00236.620875
0000000015116,00236.643189
0000000015117,00236.665124
0000000015118,00236.687113
0000000015119,00236.709353
0000000015120,00236.731738
0000000015121,00236.757723
0000000015122,00236.779975
0000000015123,00236.801735
0000000015124,00236.824905
0000000015125,00236.850897
0000000015126,00236.873069
0000000015127,00236.895272
0000000015128,00236.918941
0000000015129,00236.941025
0000000015130,00236.963238
0000000015131,00236.986131
0000000015132,00237.011341
0000000015133,00237.037054
0000000015134,00237.059481
0000000015135,00237.085268
0000000015136,00237.107527
0000000015137,00237.133310
0000000015138,00237.156209
0000000015139,00237.177855
0000000015140,00237.200337
0000000015141,00237.222549
0000000015142,00237.244835
0000000015143,00237.267285
0000000015144,00237.291125
0000000015145,00237.313903
0000000015146,00237.335965
0000000015147,00237.358004
0000000015148,00237.380497
0000000015149,00237.404154
0000000015150,00237.428859
0000000015151,00237.451318
0000000015152,00237.457383
0000000015153,00237.471222
0000000015154,00237.486066
0000000015155,00237.501144
0000000015156,00237.516260
0000000015157,00237.531160
0000000015158,00237.546042
0000000015159,00237.561218
0000000015160,00237.576281
0000000015161,00237.591053
0000000015162,00237.611145
0000000015163,00237.626355
0000000015164,00237.641017
0000000015165,00237.656351
0000000015166,00237.671135
0000000015167,00237.686342
0000000015168,00237.701311
0000000015169,00237.716105
0000000015170,00237.736459
0000000015171,00237.751301
0000000015172,00237.766158
0000000015173,00237.781050
0000000015174,00237.796430
0000000015175,00237.811101
0000000015176,00237.826076
0000000015177,00237.841056
0000000015178,00237.861143
0000000015179,00237.876297
0000000015180,00237.891094
0000000015181,00237.906322
0000000015182,00237.921190
0000000015183,00237.936068
0000000015184,00237.951298
0000000015185,00237.966239
0000000015186,00237.981071
0000000015187,00238.001378
0000000015188,00238.016254
0000000015189,00238.031510
0000000015190,00238.046322
0000000015191,00238.061063
0000000015192,00238.076282
0000000015193,00238.091111
0000000015194,00238.106388
0000000015195,00238.126572
0000000015196,00238.141114
0000000015197,00238.156095
0000000015198,00238.171131
0000000015199,00238.186405
0000000015200,00238.201116
0000000015201,00238.216318
0000000015202,00238.231161
0000000015203,00238.251330
0000000015204,00238.266536
0000000015205,00238.281105
0000000015206,00238.296341
0000000015207,00238.311160
0000000015208,00238.326126
0000000015209,00238.341439
0000000015210,00238.356081
0000000015211,00238.371482
0000000015212,00238.391642
0000000015213,00238.406222
0000000015214,00238.421281
0000000015215,00238.436401
0000000015216,00238.451193
0000000015217,00238.466180
0000000015218,00238.481711
0000000015219,00238.496135
0000000015220,00238.516640
0000000015221,00238.531166
0000000015222,00238.546222
0000000015223,00238.561246
0000000015224,00238.576136
0000000015225,00238.591281
0000000015226,00238.606096
0000000015227,00238.621387
0000000015228,00238.636582
0000000015229,00238.656403
0000000015230,00238.671120
0000000015231,00238.686505
0000000015232,00238.701207
0000000015233,00238.716311
0000000015234,00238.731210
0000000015235,00238.746471
0000000015236,00238.761102
0000000015237,00238.781401
0000000015238,00238.796348
0000000015239,00238.811237
0000000015240,00238.826197
0000000015241,00238.841177
0000000015242,00238.856187
0000000015243,00238.871099
0000000015244,00238.886473
0000000015245,00238.906405
0000000015246,00238.921170
0000000015247,00238.936235
0000000015248,00238.951483
0000000015249,00238.966397
0000000015250,00238.981185
0000000015251,00238.996441
0000000015252,00239.011088
0000000015253,00239.026159
0000000015254,00239.046472
0000000015255,00239.061192
0000000015256,00239.076158
0000000015257,00239.091226
0000000015258,00239.106251
0000000015259,00239.121216
0000000015260,00239.136479
0000000015261,00239.151276
0000000015262,00239.171478
0000000015263,00239.186443
0000000015264,00239.201442
0000000015265,00239.216172
0000000015266,00239.231156
0000000015267,00239.246123
0000000015268,00239.261392
0000000015269,00239.276129
0000000015270,00239.296323
0000000015271,00239.311261
0000000015272,00239.326156
0000000015273,00239.341233
0000000015274,00239.356205
0000000015275,00239.371139
0000000015276,00239.386330
0000000015277,00239.401247
0000000015278,00239.416172
0000000015279,00239.436450
0000000015280,00239.451224
0000000015281,00239.466128
0000000015282,00239.481268
0000000015283,00239.496357
0000000015284,00239.511169
0000000015285,00239.526086
0000000015286,00239.541222
0000000015287,00239.561241
0000000015288,00239.576178
0000000015289,00239.591202
0000000015290,00239.606115
0000000015291,00239.621171
0000000015292,00239.636514
0000000015293,00239.651069
0000000015294,00239.666121
0000000015295,00239.686637
0000000015296,00239.701162
0000000015297,00239.716193
0000000015298,00239.731201
0000000015299,00239.746103
0000000015300,00239.761162
0000000015301,00239.776147
0000000015302,00239.798848
0000000015303,00239.821055
0000000015304,00239.845584
0000000015305,00239.868928
0000000015306,00239.893802
0000000015307,00239.916136
0000000015308,00239.941051
0000000015309,00239.962961
0000000015310,00239.988807
0000000015311,00240.011490
0000000015312,00240.033269
0000000015313,00240.055422
0000000015314,00240.081882
0000000015315,00240.103857
0000000015316,00240.126118
0000000015317,00240.148048
0000000015318,00240.170405
0000000015319,00240.192747
0000000015320,00240.215189
0000000015321,00240.241140
0000000015322,00240.263408
0000000015323,00240.288418
0000000015324,00240.314311
0000000015325,00240.337045
0000000015326,00240.361413
0000000015327,00240.384531
0000000015328,00240.410417
0000000015329,00240.432982
0000000015330,00240.457716
0000000015331,00240.483971
0000000015332,00240.508788
0000000015333,00240.534914
0000000015334,00240.557435
0000000015335,00240.582410
0000000015336,00240.605041
0000000015337,00240.626990
0000000015338,00240.648974
0000000015339,00240.671475
0000000015340,00240.694728
0000000015341,00240.717223
0000000015342,00240.740261
0000000015343,00240.762621
0000000015344,00240.784340
0000000015345,00240.808293
0000000015346,00240.830621
0000000015347,00240.853088
0000000015348,00240.875432
0000000015349,00240.897566
0000000015350,00240.920869
0000000015351,00240.943162
0000000015352,00240.965850
0000000015353,00240.988188
0000000015354,00241.014584
0000000015355,00241.036954
0000000015356,00241.063430
0000000015357,00241.085731
0000000015358,00241.110869
0000000015359,00241.133803
0000000015360,00241.155812
0000000015361,00241.180257
0000000015362,00241.202679
0000000015363,00241.225556
0000000015364,00241.250591
0000000015365,00241.273473
0000000015366,00241.295555
0000000015367,00241.317782
0000000015368,00241.340519
0000000015369,00241.362698
0000000015370,00241.369399
0000000015371,00241.383242
0000000015372,00241.398257
0000000015373,00241.413217
0000000015374,00241.433285
0000000015375,00241.448234
0000000015376,00241.463300
0000000015377,00241.478240
0000000015378,00241.493331
0000000015379,00241.508421
0000000015380,00241.523401
0000000015381,00241.538251
0000000015382,00241.558682
0000000015383,00241.573386
0000000015384,00241.588314
0000000015385,00241.603345
0000000015386,00241.618249
0000000015387,00241.633403
0000000015388,00241.648223
0000000015389,00241.663186
0000000015390,00241.678656
0000000015391,00241.698548
0000000015392,00241.713244
0000000015393,00241.728280
0000000015394,00241.743474
0000000015395,00241.758259
0000000015396,00241.773635
0000000015397,00241.788526
0000000015398,00241.803266
0000000015399,00241.823558
0000000015400,00241.838491
0000000015401,00241.853283
0000000015402,00241.868281
0000000015403,00241.883311
0000000015404,00241.898206
0000000015405,00241.913326
0000000015406,00241.928403
0000000015407,00241.948628
0000000015408,00241.963257
0000000015409,00241.978624
0000000015410,00241.993513
0000000015411,00242.008615
0000000015412,00242.023234
0000000015413,00242.038463
0000000015414,00242.053305
0000000015415,00242.068565
0000000015416,00242.088486
0000000015417,00242.103296
0000000015418,00242.149131
0000000015419,00242.180374
0000000015420,00242.197765
0000000015421,00242.212232
0000000015422,00242.227129
0000000015423,00242.242223
0000000015424,00242.257176
0000000015425,00242.272212
0000000015426,00242.287261
0000000015427,00242.303224
0000000015428,00242.318149
0000000015429,00242.338268
0000000015430,00242.353217
0000000015431,00242.368229
0000000015432,00242.383277
0000000015433,00242.398243
0000000015434,00242.413167
0000000015435,00242.428243
0000000015436,00242.443306
0000000015437,00242.458242
0000000015438,00242.478196
0000000015439,00242.493265
0000000015440,00242.508190
0000000015441,00242.523229
0000000015442,00242.538290
0000000015443,00242.553219
0000000015444,00242.568153
0000000015445,00242.583282
0000000015446,00242.603185
0000000015447,00242.618213
0000000015448,00242.633207
0000000015449,00242.648279
0000000015450,00242.663237
0000000015451,00242.678234
0000000015452,00242.693192
0000000015453,00242.708226
0000000015454,00242.723199
0000000015455,00242.743272
0000000015456,00242.758236
0000000015457,00242.773222
0000000015458,00242.788186
0000000015459,00242.803216
0000000015460,00242.818238
0000000015461,00242.833213
0000000015462,00242.848218
0000000015463,00242.868258
0000000015464,00242.883243
0000000015465,00242.898236
0000000015466,00242.913276
0000000015467,00242.928159
0000000015468,00242.943337
0000000015469,00242.958305
0000000015470,00242.973251
0000000015471,00242.993355
0000000015472,00243.008337
0000000015473,00243.023267
0000000015474,00243.038329
0000000015475,00243.053319
0000000015476,00243.068274
0000000015477,00243.083359
0000000015478,00243.098343
0000000015479,00243.113344
0000000015480,00243.133386
0000000015481,00243.148293
0000000015482,00243.163289
0000000015483,00243.178334
0000000015484,00243.193355
0000000015485,00243.208317
0000000015486,00243.223362
0000000015487,00243.238368
0000000015488,00243.258348
0000000015489,00243.273334
0000000015490,00243.288367
0000000015491,00243.303232
0000000015492,00243.318349
0000000015493,00243.333325
0000000015494,00243.348306
0000000015495,00243.363302
0000000015496,00243.383376
0000000015497,00243.398313
0000000015498,00243.413308
0000000015499,00243.428356
0000000015500,00243.443233
0000000015501,00243.458365
0000000015502,00243.473359
0000000015503,00243.488275
0000000015504,00243.503281
0000000015505,00243.523339
0000000015506,00243.538252
0000000015507,00243.553343
0000000015508,00243.568357
0000000015509,00243.583312
0000000015510,00243.598250
0000000015511,00243.613403
0000000015512,00243.628353
0000000015513,00243.648293
0000000015514,00243.663541
0000000015515,00243.678335
0000000015516,00243.693423
0000000015517,00243.708531
0000000015518,00243.723527
0000000015519,00243.738297
0000000015520,00243.762926
0000000015521,00243.784939
0000000015522,00243.808513
0000000015523,00243.830278
0000000015524,00243.852887
0000000015525,00243.875811
0000000015526,00243.902083
0000000015527,00243.923873
0000000015528,00243.946720
0000000015529,00243.970247
0000000015530,00243.996302
0000000015531,00244.018758
0000000015532,00244.044839
0000000015533,00244.067617
0000000015534,00244.092658
0000000015535,00244.115463
0000000015536,00244.139850
0000000015537,00244.162097
0000000015538,00244.184916
0000000015539,00244.207259
0000000015540,00244.232082
0000000015541,00244.255031
0000000015542,00244.277344
0000000015543,00244.299886
0000000015544,00244.322111
0000000015545,00244.344229
0000000015546,00244.369145
0000000015547,00244.392898
0000000015548,00244.416491
0000000015549,00244.439280
0000000015550,00244.461635
0000000015551,00244.486130
0000000015552,00244.508912
0000000015553,00244.532255
0000000015554,00244.555122
0000000015555,00244.577122
0000000015556,00244.599948
0000000015557,00244.621908
0000000015558,00244.644094
0000000015559,00244.666213
0000000015560,00244.688027
0000000015561,00244.713928
0000000015562,00244.735838
0000000015563,00244.761973
0000000015564,00244.784279
0000000015565,00244.806584
0000000015566,00244.829036
0000000015567,00244.854958
0000000015568,00244.877247
0000000015569,00244.899909
0000000015570,00244.922397
0000000015571,00244.947744
0000000015572,00244.970070
0000000015573,00244.992469
0000000015574,00245.015091
0000000015575,00245.041908
0000000015576,00245.067020
0000000015577,00245.091503
0000000015578,00245.115240
0000000015579,00245.138481
0000000015580,00245.161145
0000000015581,00245.185339
0000000015582,00245.211283
0000000015583,00245.236600
0000000015584,00245.258992
0000000015585,00245.280673
0000000015586,00245.305595
0000000015587,00245.328328
0000000015588,00245.352764
0000000015589,00245.376883
0000000015590,00245.401396
0000000015591,00245.424144
0000000015592,00245.449220
0000000015593,00245.475153
0000000015594,00245.497170
0000000015595,00245.519174
0000000015596,00245.544472
0000000015597,00245.569284
0000000015598,00245.592626
0000000015599,00245.618684
0000000015600,00245.640896
0000000015601,00245.664740
0000000015602,00245.687101
0000000015603,00245.709955
0000000015604,00245.732078
0000000015605,00245.754951
0000000015606,00245.779789
0000000015607,00245.802505
0000000015608,00245.826187
0000000015609,00245.852396
0000000015610,00245.874412
0000000015611,00245.899119
0000000015612,00245.922565
0000000015613,00245.945129
0000000015614,00245.967854
0000000015615,00245.990736
0000000015616,00246.013584
0000000015617,00246.036357
0000000015618,00246.086344
0000000015619,00246.124809
0000000015620,00246.150395
0000000015621,00246.173928
0000000015622,00246.195868
0000000015623,00246.217738
0000000015624,00246.240379
0000000015625,00246.262107
0000000015626,00246.284223
0000000015627,00246.305979
0000000015628,00246.327905
0000000015629,00246.350312
0000000015630,00246.372183
0000000015631,00246.398075
0000000015632,00246.419992
0000000015633,00246.442226
0000000015634,00246.464215
0000000015635,00246.486339
0000000015636,00246.508512
0000000015637,00246.530178
0000000015638,00246.552734
0000000015639,00246.574465
0000000015640,00246.596466
0000000015641,00246.618409
0000000015642,00246.640705
0000000015643,00246.662575
0000000015644,00246.683998
0000000015645,00246.706475
0000000015646,00246.728164
0000000015647,00246.750298
0000000015648,00246.772236
0000000015649,00246.794274
0000000015650,00246.816461
0000000015651,00246.838785
0000000015652,00246.860904
0000000015653,00246.875377
0000000015654,00246.890399
0000000015655,00246.905374
0000000015656,00246.920376
0000000015657,00246.935363
0000000015658,00246.955362
0000000015659,00246.970379
0000000015660,00246.985357
0000000015661,00247.000339
0000000015662,00247.015380
0000000015663,00247.030407
0000000015664,00247.045379
0000000015665,00247.060340
0000000015666,00247.080423
0000000015667,00247.095327
0000000015668,00247.110343
0000000015669,00247.125379
0000000015670,00247.140336
0000000015671,00247.155341
0000000015672,00247.170442
0000000015673,00247.185301
0000000015674,00247.200373
0000000015675,00247.220420
0000000015676,00247.235327
0000000015677,00247.250353
0000000015678,00247.265401
0000000015679,00247.280370
0000000015680,00247.295433
0000000015681,00247.310393
0000000015682,00247.325399
0000000015683,00247.345478
0000000015684,00247.360491
0000000015685,00247.375367
0000000015686,00247.390424
0000000015687,00247.405401
0000000015688,00247.420511
0000000015689,00247.435451
0000000015690,00247.450447
0000000015691,00247.470443
0000000015692,00247.485472
0000000015693,00247.500346
0000000015694,00247.515330
0000000015695,00247.530388
0000000015696,00247.546395
0000000015697,00247.561437
0000000015698,00247.576412
0000000015699,00247.591423
0000000015700,00247.606330
0000000015701,00247.626528
0000000015702,00247.641502
0000000015703,00247.656362
0000000015704,00247.671415
0000000015705,00247.686456
0000000015706,00247.701339
0000000015707,00247.716484
0000000015708,00247.731435
0000000015709,00247.746349
0000000015710,00247.766394
0000000015711,00247.781423
0000000015712,00247.796371
0000000015713,00247.811436
0000000015714,00247.826488
0000000015715,00247.841372
0000000015716,00247.856496
0000000015717,00247.871413
0000000015718,00247.891402
0000000015719,00247.906472
0000000015720,00247.921479
0000000015721,00247.936523
0000000015722,00247.951611
0000000015723,00247.966451
0000000015724,00247.981353
0000000015725,00247.996572
0000000015726,00248.016465
0000000015727,00248.031382
0000000015728,00248.046547
0000000015729,00248.061410
0000000015730,00248.076397
0000000015731,00248.091622
0000000015732,00248.106499
0000000015733,00248.121499
0000000015734,00248.136479
0000000015735,00248.156505
0000000015736,00248.171480
0000000015737,00248.186668
0000000015738,00248.201665
0000000015739,00248.216424
0000000015740,00248.231474
0000000015741,00248.246668
0000000015742,00248.261462
0000000015743,00248.281689
0000000015744,00248.296482
0000000015745,00248.311648
0000000015746,00248.326546
0000000015747,00248.341554
0000000015748,00248.356469
0000000015749,00248.371893
0000000015750,00248.386807
0000000015751,00248.406800
0000000015752,00248.421639
0000000015753,00248.436867
0000000015754,00248.451440
0000000015755,00248.466540
0000000015756,00248.481554
0000000015757,00248.496475
0000000015758,00248.511921
0000000015759,00248.526540
0000000015760,00248.546482
0000000015761,00248.561527
0000000015762,00248.576669
0000000015763,00248.591443
0000000015764,00248.606697
0000000015765,00248.621460
0000000015766,00248.636647
0000000015767,00248.651446
0000000015768,00248.671690
0000000015769,00248.686649
0000000015770,00248.701568
0000000015771,00248.716753
0000000015772,00248.731531
0000000015773,00248.746903
0000000015774,00248.761540
0000000015775,00248.776516
0000000015776,00248.796608
0000000015777,00248.811558
0000000015778,00248.826570
0000000015779,00248.841518
0000000015780,00248.856504
0000000015781,00248.871480
0000000015782,00248.886556
0000000015783,00248.901529
0000000015784,00248.916752
0000000015785,00248.936698
0000000015786,00248.951516
0000000015787,00248.966524
0000000015788,00248.981722
0000000015789,00248.996459
0000000015790,00249.011529
0000000015791,00249.026557
0000000015792,00249.041557
0000000015793,00249.061765
0000000015794,00249.076866
0000000015795,00249.091563
0000000015796,00249.106498
0000000015797,00249.121597
0000000015798,00249.136543
0000000015799,00249.151556
0000000015800,00249.166770
0000000015801,00249.186520
0000000015802,00249.201530
0000000015803,00249.216776
0000000015804,00249.238816
0000000015805,00249.261301
0000000015806,00249.286795
0000000015807,00249.309596
0000000015808,00249.331751
0000000015809,00249.353946
0000000015810,00249.377922
0000000015811,00249.400918
0000000015812,00249.426393
0000000015813,00249.451348
0000000015814,00249.473890
0000000015815,00249.496077
0000000015816,00249.518811
0000000015817,00249.541036
0000000015818,00249.604982
0000000015819,00249.654614
0000000015820,00249.676634
0000000015821,00249.698471
0000000015822,00249.720431
0000000015823,00249.742116
0000000015824,00249.764476
0000000015825,00249.786369
0000000015826,00249.808052
0000000015827,00249.830542
0000000015828,00249.852388
0000000015829,00249.874450
0000000015830,00249.896586
0000000015831,00249.918754
0000000015832,00249.940977
0000000015833,00249.962601
0000000015834,00249.985115
0000000015835,00250.006996
0000000015836,00250.029523
0000000015837,00250.051194
0000000015838,00250.073192
0000000015839,00250.095131
0000000015840,00250.116886
0000000015841,00250.139930
0000000015842,00250.162146
0000000015843,00250.185141
0000000015844,00250.208850
0000000015845,00250.231062
0000000015846,00250.256582
0000000015847,00250.279029
0000000015848,00250.301002
0000000015849,00250.323009
0000000015850,00250.349033
0000000015851,00250.371647
0000000015852,00250.395700
0000000015853,00250.421761
0000000015854,00250.444277
0000000015855,00250.467053
0000000015856,00250.489587
0000000015857,00250.512543
0000000015858,00250.535011
0000000015859,00250.557362
0000000015860,00250.580013
0000000015861,00250.603021
0000000015862,00250.625690
0000000015863,00250.653233
0000000015864,00250.678166
0000000015865,00250.703498
0000000015866,00250.727414
0000000015867,00250.750256
0000000015868,00250.773365
0000000015869,00250.798308
0000000015870,00250.804879
0000000015871,00250.819658
0000000015872,00250.839660
0000000015873,00250.854591
0000000015874,00250.869583
0000000015875,00250.884533
0000000015876,00250.899756
0000000015877,00250.914672
0000000015878,00250.929593
0000000015879,00250.944664
0000000015880,00250.964930
0000000015881,00250.975573
0000000015882,00250.995945
0000000015883,00251.010947
0000000015884,00251.025811
0000000015885,00251.040618
0000000015886,00251.055786
0000000015887,00251.070787
0000000015888,00251.085597
0000000015889,00251.100716
0000000015890,00251.120542
0000000015891,00251.135623
0000000015892,00251.150630
0000000015893,00251.165559
0000000015894,00251.180820
0000000015895,00251.195679
0000000015896,00251.210871
0000000015897,00251.225896
0000000015898,00251.245883
0000000015899,00251.260682
0000000015900,00251.275636
0000000015901,00251.290693
0000000015902,00251.305579
0000000015903,00251.320587
0000000015904,00251.335641
0000000015905,00251.350582
0000000015906,00251.365973
0000000015907,00251.386061
0000000015908,00251.400668
0000000015909,00251.415663
0000000015910,00251.430888
0000000015911,00251.445710
0000000015912,00251.460672
0000000015913,00251.475712
0000000015914,00251.490687
0000000015915,00251.511059
0000000015916,00251.525961
0000000015917,00251.540634
0000000015918,00251.555812
0000000015919,00251.570661
0000000015920,00251.585569
0000000015921,00251.600543
0000000015922,00251.615625
0000000015923,00251.635660
0000000015924,00251.650675
0000000015925,00251.665569
0000000015926,00251.680585
0000000015927,00251.695678
0000000015928,00251.710962
0000000015929,00251.725961
0000000015930,00251.740644
0000000015931,00251.755913
0000000015932,00251.775783
0000000015933,00251.790727
0000000015934,00251.805647
0000000015935,00251.820624
0000000015936,00251.835646
0000000015937,00251.850627
0000000015938,00251.865635
0000000015939,00251.880534
0000000015940,00251.901107
0000000015941,00251.915650
0000000015942,00251.930629
0000000015943,00251.945941
0000000015944,00251.960713
0000000015945,00251.976023
0000000015946,00251.990766
0000000015947,00252.005891
0000000015948,00252.025654
0000000015949,00252.040633
0000000015950,00252.055926
0000000015951,00252.070592
0000000015952,00252.085789
0000000015953,00252.100627
0000000015954,00252.115576
0000000015955,00252.130815
0000000015956,00252.145804
0000000015957,00252.165711
0000000015958,00252.180709
0000000015959,00252.195606
0000000015960,00252.210804
0000000015961,00252.225671
0000000015962,00252.240572
0000000015963,00252.255701
0000000015964,00252.270703
0000000015965,00252.290628
0000000015966,00252.305641
0000000015967,00252.320724
0000000015968,00252.335561
0000000015969,00252.350659
0000000015970,00252.365984
0000000015971,00252.380626
0000000015972,00252.396031
0000000015973,00252.416001
0000000015974,00252.430649
0000000015975,00252.445615
0000000015976,00252.460807
0000000015977,00252.475637
0000000015978,00252.490607
0000000015979,00252.505747
0000000015980,00252.520573
0000000015981,00252.535855
0000000015982,00252.555681
0000000015983,00252.570672
0000000015984,00252.585701
0000000015985,00252.600687
0000000015986,00252.615585
0000000015987,00252.631029
0000000015988,00252.645958
0000000015989,00252.660596
0000000015990,00252.680642
0000000015991,00252.695930
0000000015992,00252.710848
0000000015993,00252.725697
0000000015994,00252.740929
0000000015995,00252.755900
0000000015996,00252.770646
0000000015997,00252.785670
0000000015998,00252.805800
0000000015999,00252.820684
0000000016000,00252.835831
0000000016001,00252.850698
0000000016002,00252.865692
0000000016003,00252.880661
0000000016004,00252.895589
0000000016005,00252.910633
0000000016006,00252.925690
0000000016007,00252.945664
0000000016008,00252.960682
0000000016009,00252.975645
0000000016010,00252.990584
0000000016011,00253.005625
0000000016012,00253.020649
0000000016013,00253.035801
0000000016014,00253.050664
0000000016015,00253.070712
0000000016016,00253.085651
0000000016017,00253.100749
0000000016018,00253.135485
0000000016019,00253.145592
0000000016020,00253.166492
0000000016021,00253.187389
0000000016022,00253.208155
0000000016023,00253.229983
0000000016024,00253.251754
0000000016025,00253.273943
0000000016026,00253.295690
0000000016027,00253.317718
0000000016028,00253.339796
0000000016029,00253.361365
0000000016030,00253.383646
0000000016031,00253.405415
0000000016032,00253.431434
0000000016033,00253.453077
0000000016034,00253.475147
0000000016035,00253.497155
0000000016036,00253.518675
0000000016037,00253.541176
0000000016038,00253.562796
0000000016039,00253.584798
0000000016040,00253.606854
0000000016041,00253.628788
0000000016042,00253.650771
0000000016043,00253.672745
0000000016044,00253.694945
0000000016045,00253.716887
0000000016046,00253.739556
0000000016047,00253.762898
0000000016048,00253.784818
0000000016049,00253.806942
0000000016050,00253.828736
0000000016051,00253.850649
0000000016052,00253.872662
0000000016053,00253.894740
0000000016054,00253.916765
0000000016055,00253.938494
0000000016056,00253.964233
0000000016057,00253.987750
0000000016058,00254.009890
0000000016059,00254.031801
0000000016060,00254.054222
0000000016061,00254.076780
0000000016062,00254.099651
0000000016063,00254.121594
0000000016064,00254.144070
0000000016065,00254.175267
0000000016066,00254.200550
0000000016067,00254.223592
0000000016068,00254.248571
0000000016069,00254.272079
0000000016070,00254.295394
0000000016071,00254.318093
0000000016072,00254.343450
0000000016073,00254.366349
0000000016074,00254.389495
0000000016075,00254.411894
0000000016076,00254.436819
0000000016077,00254.459355
0000000016078,00254.483688
0000000016079,00254.506491
0000000016080,00254.528593
0000000016081,00254.554828
0000000016082,00254.578599
0000000016083,00254.600796
0000000016084,00254.623119
0000000016085,00254.647777
0000000016086,00254.670085
0000000016087,00254.691906
0000000016088,00254.714441
0000000016089,00254.737219
0000000016090,00254.759791
0000000016091,00254.782731
0000000016092,00254.806938
0000000016093,00254.830719
0000000016094,00254.853169
0000000016095,00254.876473
0000000016096,00254.899339
0000000016097,00254.921457
0000000016098,00254.948015
0000000016099,00254.970952
0000000016100,00254.993626
0000000016101,00255.017197
0000000016102,00255.043255
0000000016103,00255.066097
0000000016104,00255.088303
0000000016105,00255.110729
0000000016106,00255.135617
0000000016107,00255.158500
0000000016108,00255.183656
0000000016109,00255.209826
0000000016110,00255.232633
0000000016111,00255.255283
0000000016112,00255.278857
0000000016113,00255.303796
0000000016114,00255.327333
0000000016115,00255.353292
0000000016116,00255.375305
0000000016117,00255.400242
0000000016118,00255.423054
0000000016119,00255.448518
0000000016120,00255.473008
0000000016121,00255.498511
0000000016122,00255.523216
0000000016123,00255.545307
0000000016124,00255.571776
0000000016125,00255.594561
0000000016126,00255.619397
0000000016127,00255.641566
0000000016128,00255.667857
0000000016129,00255.690620
0000000016130,00255.714786
0000000016131,00255.737430
0000000016132,00255.763090
0000000016133,00255.785783
0000000016134,00255.808736
0000000016135,00255.831534
0000000016136,00255.854441
0000000016137,00255.880634
0000000016138,00255.902572
0000000016139,00255.924892
0000000016140,00255.947063
0000000016141,00255.969362
0000000016142,00255.991349
0000000016143,00256.013453
0000000016144,00256.035974
0000000016145,00256.057848
0000000016146,00256.080104
0000000016147,00256.105462
0000000016148,00256.127668
0000000016149,00256.153206
0000000016150,00256.180536
0000000016151,00256.205943
0000000016152,00256.230785
0000000016153,00256.254455
0000000016154,00256.278274
0000000016155,00256.284546
0000000016156,00256.298849
0000000016157,00256.313797
0000000016158,00256.328780
0000000016159,00256.343897
0000000016160,00256.358728
0000000016161,00256.373728
0000000016162,00256.388824
0000000016163,00256.408818
0000000016164,00256.423742
0000000016165,00256.438849
0000000016166,00256.453736
0000000016167,00256.468950
0000000016168,00256.483924
0000000016169,00256.498789
0000000016170,00256.513793
0000000016171,00256.533870
0000000016172,00256.548970
0000000016173,00256.563915
0000000016174,00256.578828
0000000016175,00256.593741
0000000016176,00256.608793
0000000016177,00256.623772
0000000016178,00256.638963
0000000016179,00256.658842
0000000016180,00256.673783
0000000016181,00256.688755
0000000016182,00256.703750
0000000016183,00256.718898
0000000016184,00256.733837
0000000016185,00256.748827
0000000016186,00256.763827
0000000016187,00256.778980
0000000016188,00256.798829
0000000016189,00256.813810
0000000016190,00256.828737
0000000016191,00256.843861
0000000016192,00256.859042
0000000016193,00256.873774
0000000016194,00256.888799
0000000016195,00256.904051
0000000016196,00256.924185
0000000016197,00256.938893
0000000016198,00256.953766
0000000016199,00256.968982
0000000016200,00256.983834
0000000016201,00256.998799
0000000016202,00257.013751
0000000016203,00257.028746
0000000016204,00257.048928
0000000016205,00257.064013
0000000016206,00257.078841
0000000016207,00257.094133
0000000016208,00257.108939
0000000016209,00257.123823
0000000016210,00257.138801
0000000016211,00257.154053
0000000016212,00257.168795
0000000016213,00257.188938
0000000016214,00257.203845
0000000016215,00257.218854
0000000016216,00257.234047
0000000016217,00257.248809
0000000016218,00257.296110
0000000016219,00257.319890
0000000016220,00257.327373
0000000016221,00257.350407
0000000016222,00257.357942
0000000016223,00257.363893
0000000016224,00257.372756
0000000016225,00257.388113
0000000016226,00257.402793
0000000016227,00257.422976
0000000016228,00257.437738
0000000016229,00257.452777
0000000016230,00257.467735
0000000016231,00257.482780
0000000016232,00257.497763
0000000016233,00257.512736
0000000016234,00257.527768
0000000016235,00257.547793
0000000016236,00257.562791
0000000016237,00257.577714
0000000016238,00257.592780
0000000016239,00257.607810
0000000016240,00257.622744
0000000016241,00257.637749
0000000016242,00257.652805
0000000016243,00257.672732
0000000016244,00257.687814
0000000016245,00257.702821
0000000016246,00257.717729
0000000016247,00257.732828
0000000016248,00257.747756
0000000016249,00257.762784
0000000016250,00257.777743
0000000016251,00257.792820
0000000016252,00257.812758
0000000016253,00257.827798
0000000016254,00257.842796
0000000016255,00257.857828
0000000016256,00257.872835
0000000016257,00257.887737
0000000016258,00257.902794
0000000016259,00257.917715
0000000016260,00257.937854
0000000016261,00257.952738
0000000016262,00257.967761
0000000016263,00257.982809
0000000016264,00257.997762
0000000016265,00258.012798
0000000016266,00258.027784
0000000016267,00258.042737
0000000016268,00258.062854
0000000016269,00258.077763
0000000016270,00258.092735
0000000016271,00258.107825
0000000016272,00258.122813
0000000016273,00258.137763
0000000016274,00258.152933
0000000016275,00258.167814
0000000016276,00258.182802
0000000016277,00258.202834
0000000016278,00258.217772
0000000016279,00258.232741
0000000016280,00258.247777
0000000016281,00258.262773
0000000016282,00258.277723
0000000016283,00258.292917
0000000016284,00258.307854
0000000016285,00258.327877
0000000016286,00258.342878
0000000016287,00258.357904
0000000016288,00258.372794
0000000016289,00258.387884
0000000016290,00258.402864
0000000016291,00258.417876
0000000016292,00258.432793
0000000016293,00258.447834
0000000016294,00258.467915
0000000016295,00258.482832
0000000016296,00258.497905
0000000016297,00258.512942
0000000016298,00258.528028
0000000016299,00258.542870
0000000016300,00258.559143
0000000016301,00258.573925
0000000016302,00258.588945
0000000016303,00258.603928
0000000016304,00258.623883
0000000016305,00258.638891
0000000016306,00258.663746
0000000016307,00258.685972
0000000016308,00258.709268
0000000016309,00258.731570
0000000016310,00258.754523
0000000016311,00258.778740
0000000016312,00258.803494
0000000016313,00258.825962
0000000016314,00258.847816
0000000016315,00258.870426
0000000016316,00258.892246
0000000016317,00258.916176
0000000016318,00258.938430
0000000016319,00258.963334
0000000016320,00258.989107
0000000016321,00259.011483
0000000016322,00259.033464
0000000016323,00259.056326
0000000016324,00259.079215
0000000016325,00259.101108
0000000016326,00259.123427
0000000016327,00259.145575
0000000016328,00259.171488
0000000016329,00259.193442
0000000016330,00259.216108
0000000016331,00259.240797
0000000016332,00259.266985
0000000016333,00259.290910
0000000016334,00259.316192
0000000016335,00259.338431
0000000016336,00259.364727
0000000016337,00259.387611
0000000016338,00259.409757
0000000016339,00259.432478
0000000016340,00259.457368
0000000016341,00259.479727
0000000016342,00259.503006
0000000016343,00259.525586
0000000016344,00259.547768
0000000016345,00259.570590
0000000016346,00259.596811
0000000016347,00259.621901
0000000016348,00259.646544
0000000016349,00259.669533
0000000016350,00259.693211
0000000016351,00259.719673
0000000016352,00259.743486
0000000016353,00259.773144
0000000016354,00259.799977
0000000016355,00259.823276
0000000016356,00259.849677
0000000016357,00259.872387
0000000016358,00259.894282
0000000016359,00259.916843
0000000016360,00259.941018
0000000016361,00259.966801
0000000016362,00259.988667
0000000016363,00260.011094
0000000016364,00260.033356
0000000016365,00260.055064
0000000016366,00260.078116
0000000016367,00260.100247
0000000016368,00260.126319
0000000016369,00260.150273
0000000016370,00260.176623
0000000016371,00260.198861
0000000016372,00260.212948
0000000016373,00260.227925
0000000016374,00260.242884
0000000016375,00260.257879
0000000016376,00260.277976
0000000016377,00260.292868
0000000016378,00260.307958
0000000016379,00260.322954
0000000016380,00260.338011
0000000016381,00260.352968
0000000016382,00260.367938
0000000016383,00260.382930
0000000016384,00260.397899
0000000016385,00260.418011
0000000016386,00260.432939
0000000016387,00260.447946
0000000016388,00260.462963
0000000016389,00260.477933
0000000016390,00260.492838
0000000016391,00260.507988
0000000016392,00260.523070
0000000016393,00260.542989
0000000016394,00260.557953
0000000016395,00260.572919
0000000016396,00260.587924
0000000016397,00260.603106
0000000016398,00260.617887
0000000016399,00260.632986
0000000016400,00260.648155
0000000016401,00260.668344
0000000016402,00260.682958
0000000016403,00260.698361
0000000016404,00260.712915
0000000016405,00260.728040
0000000016406,00260.742955
0000000016407,00260.757939
0000000016408,00260.772922
0000000016409,00260.787940
0000000016410,00260.808253
0000000016411,00260.822921
0000000016412,00260.837928
0000000016413,00260.852870
0000000016414,00260.867978
0000000016415,00260.883181
0000000016416,00260.897971
0000000016417,00260.912954
0000000016418,00260.945819
0000000016419,00260.953007
0000000016420,00260.962946
0000000016421,00260.978036
0000000016422,00260.992947
0000000016423,00261.007979
0000000016424,00261.023175
0000000016425,00261.037938
0000000016426,00261.058315
0000000016427,00261.073006
0000000016428,00261.088009
0000000016429,00261.103186
0000000016430,00261.117910
0000000016431,00261.132930
0000000016432,00261.148239
0000000016433,00261.163337
0000000016434,00261.178006
0000000016435,00261.198388
0000000016436,00261.213005
0000000016437,00261.227946
0000000016438,00261.243059
0000000016439,00261.257969
0000000016440,00261.272975
0000000016441,00261.288044
0000000016442,00261.303095
0000000016443,00261.323163
0000000016444,00261.337957
0000000016445,00261.353190
0000000016446,00261.368264
0000000016447,00261.383028
0000000016448,00261.398027
0000000016449,00261.412986
0000000016450,00261.428333
0000000016451,00261.448357
0000000016452,00261.462933
0000000016453,00261.478181
0000000016454,00261.493055
0000000016455,00261.507906
0000000016456,00261.522985
0000000016457,00261.538098
0000000016458,00261.552932
0000000016459,00261.567965
0000000016460,00261.588313
0000000016461,00261.602940
0000000016462,00261.618193
0000000016463,00261.633280
0000000016464,00261.647940
0000000016465,00261.663060
0000000016466,00261.677989
0000000016467,00261.692905
0000000016468,00261.713086
0000000016469,00261.727955
0000000016470,00261.743135
0000000016471,00261.758011
0000000016472,00261.773032
0000000016473,00261.788039
0000000016474,00261.803030
0000000016475,00261.818029
0000000016476,00261.838244
0000000016477,00261.853264
0000000016478,00261.868007
0000000016479,00261.882910
0000000016480,00261.897991
0000000016481,00261.912968
0000000016482,00261.927997
0000000016483,00261.942992
0000000016484,00261.958025
0000000016485,00261.978284
0000000016486,00261.993073
0000000016487,00262.007990
0000000016488,00262.022948
0000000016489,00262.038083
0000000016490,00262.053232
0000000016491,00262.067959
0000000016492,00262.082907
0000000016493,00262.103028
0000000016494,00262.117991
0000000016495,00262.133006
0000000016496,00262.148181
0000000016497,00262.163030
0000000016498,00262.177966
0000000016499,00262.193050
0000000016500,00262.207933
0000000016501,00262.223132
0000000016502,00262.243321
0000000016503,00262.257964
0000000016504,00262.273024
0000000016505,00262.288189
0000000016506,00262.303030
0000000016507,00262.318134
0000000016508,00262.332969
0000000016509,00262.348247
0000000016510,00262.368370
0000000016511,00262.383073
0000000016512,00262.397927
0000000016513,00262.413013
0000000016514,00262.428013
0000000016515,00262.442983
0000000016516,00262.457989
0000000016517,00262.473165
0000000016518,00262.493214
0000000016519,00262.508315
0000000016520,00262.523043
0000000016521,00262.538274
0000000016522,00262.552994
0000000016523,00262.568297
0000000016524,00262.590515
0000000016525,00262.613271
0000000016526,00262.635325
0000000016527,00262.659139
0000000016528,00262.681736
0000000016529,00262.704889
0000000016530,00262.731012
0000000016531,00262.753117
0000000016532,00262.779424
0000000016533,00262.801676
0000000016534,00262.827603
0000000016535,00262.850607
0000000016536,00262.875076
0000000016537,00262.897708
0000000016538,00262.922636
0000000016539,00262.949430
0000000016540,00262.972199
0000000016541,00262.995226
0000000016542,00263.017402
0000000016543,00263.040337
0000000016544,00263.062402
0000000016545,00263.085228
0000000016546,00263.107459
0000000016547,00263.130267
0000000016548,00263.153448
0000000016549,00263.175444
0000000016550,00263.197760
0000000016551,00263.221143
0000000016552,00263.243200
0000000016553,00263.266735
0000000016554,00263.288896
0000000016555,00263.311128
0000000016556,00263.340877
0000000016557,00263.366365
0000000016558,00263.389107
0000000016559,00263.413899
0000000016560,00263.439029
0000000016561,00263.462155
0000000016562,00263.484046
0000000016563,00263.506796
0000000016564,00263.530382
0000000016565,00263.553168
0000000016566,00263.578391
0000000016567,00263.603595
0000000016568,00263.625670
0000000016569,00263.648681
0000000016570,00263.670996
0000000016571,00263.693535
0000000016572,00263.718506
0000000016573,00263.741091
0000000016574,00263.763355
0000000016575,00263.786247
0000000016576,00263.808444
0000000016577,00263.830474
0000000016578,00263.855688
0000000016579,00263.878818
0000000016580,00263.903641
0000000016581,00263.925960
0000000016582,00263.948526
0000000016583,00263.970918
0000000016584,00263.995727
0000000016585,00264.018649
0000000016586,00264.043519
0000000016587,00264.065910
0000000016588,00264.088716
0000000016589,00264.110917
0000000016590,00264.136023
0000000016591,00264.158697
0000000016592,00264.183686
0000000016593,00264.206198
0000000016594,00264.230987
0000000016595,00264.253600
0000000016596,00264.275790
0000000016597,00264.298832
0000000016598,00264.320965
0000000016599,00264.343402
0000000016600,00264.365779
0000000016601,00264.388053
0000000016602,00264.413967
0000000016603,00264.436898
0000000016604,00264.459414
0000000016605,00264.481401
0000000016606,00264.504002
0000000016607,00264.528716
0000000016608,00264.551029
0000000016609,00264.573762
0000000016610,00264.596491
0000000016611,00264.618867
0000000016612,00264.641070
0000000016613,00264.663517
0000000016614,00264.686949
0000000016615,00264.709541
0000000016616,00264.734284
0000000016617,00264.757046
0000000016618,00264.847972
0000000016619,00264.911632
0000000016620,00264.932493
0000000016621,00264.953983
0000000016622,00264.975688
0000000016623,00264.997620
0000000016624,00265.019797
0000000016625,00265.043019
0000000016626,00265.065025
0000000016627,00265.087002
0000000016628,00265.108932
0000000016629,00265.131104
0000000016630,00265.152872
0000000016631,00265.174840
0000000016632,00265.197177
0000000016633,00265.219412
0000000016634,00265.245501
0000000016635,00265.267206
0000000016636,00265.289698
0000000016637,00265.311436
0000000016638,00265.333695
0000000016639,00265.355274
0000000016640,00265.377072
0000000016641,00265.405533
0000000016642,00265.432092
0000000016643,00265.454978
0000000016644,00265.479660
0000000016645,00265.502367
0000000016646,00265.524853
0000000016647,00265.547084
0000000016648,00265.569246
0000000016649,00265.591250
0000000016650,00265.617304
0000000016651,00265.640699
0000000016652,00265.662875
0000000016653,00265.684616
0000000016654,00265.710745
0000000016655,00265.718112
0000000016656,00265.732990
0000000016657,00265.753122
0000000016658,00265.768117
0000000016659,00265.783124
0000000016660,00265.798222
0000000016661,00265.813071
0000000016662,00265.828125
0000000016663,00265.843163
0000000016664,00265.858089
0000000016665,00265.878140
0000000016666,00265.893292
0000000016667,00265.908095
0000000016668,00265.923244
0000000016669,00265.938114
0000000016670,00265.953129
0000000016671,00265.968323
0000000016672,00265.983141
0000000016673,00266.003318
0000000016674,00266.018212
0000000016675,00266.033448
0000000016676,00266.048141
0000000016677,00266.063342
0000000016678,00266.078456
0000000016679,00266.093215
0000000016680,00266.108522
0000000016681,00266.123267
0000000016682,00266.143169
0000000016683,00266.158263
0000000016684,00266.173329
0000000016685,00266.188032
0000000016686,00266.203309
0000000016687,00266.218453
0000000016688,00266.233432
0000000016689,00266.248432
0000000016690,00266.268432
0000000016691,00266.283153
0000000016692,00266.298216
0000000016693,00266.313156
0000000016694,00266.328066
0000000016695,00266.343152
0000000016696,00266.358141
0000000016697,00266.373278
0000000016698,00266.388246
0000000016699,00266.408210
0000000016700,00266.423151
0000000016701,00266.438244
0000000016702,00266.453319
0000000016703,00266.468266
0000000016704,00266.483212
0000000016705,00266.498197
0000000016706,00266.513184
0000000016707,00266.533232
0000000016708,00266.548215
0000000016709,00266.563124
0000000016710,00266.578196
0000000016711,00266.593102
0000000016712,00266.608071
0000000016713,00266.623317
0000000016714,00266.638156
0000000016715,00266.658128
0000000016716,00266.673140
0000000016717,00266.688207
0000000016718,00266.703052
0000000016719,00266.718265
0000000016720,00266.733177
0000000016721,00266.748145
0000000016722,00266.763039
0000000016723,00266.778354
0000000016724,00266.798203
0000000016725,00266.813187
0000000016726,00266.828189
0000000016727,00266.843165
0000000016728,00266.858134
0000000016729,00266.873152
0000000016730,00266.888101
0000000016731,00266.903070
0000000016732,00266.923258
0000000016733,00266.938095
0000000016734,00266.953192
0000000016735,00266.968153
0000000016736,00266.983124
0000000016737,00266.998207
0000000016738,00267.013139
0000000016739,00267.028209
0000000016740,00267.048191
0000000016741,00267.063174
0000000016742,00267.078387
0000000016743,00267.093381
0000000016744,00267.108257
0000000016745,00267.123070
0000000016746,00267.138228
0000000016747,00267.153188
0000000016748,00267.168175
0000000016749,00267.188194
0000000016750,00267.203129
0000000016751,00267.218103
0000000016752,00267.233297
0000000016753,00267.248184
0000000016754,00267.263201
0000000016755,00267.278366
0000000016756,00267.293197
0000000016757,00267.313313
0000000016758,00267.328456
0000000016759,00267.343150
0000000016760,00267.358101
0000000016761,00267.373206
0000000016762,00267.388146
0000000016763,00267.403263
0000000016764,00267.418080
0000000016765,00267.438276
0000000016766,00267.453238
0000000016767,00267.468487
0000000016768,00267.483228
0000000016769,00267.498140
0000000016770,00267.513091
0000000016771,00267.529156
0000000016772,00267.544170
0000000016773,00267.559243
0000000016774,00267.574230
0000000016775,00267.594415
0000000016776,00267.609463
0000000016777,00267.624317
0000000016778,00267.639188
0000000016779,00267.654261
0000000016780,00267.669500
0000000016781,00267.684162
0000000016782,00267.699261
0000000016783,00267.714286
0000000016784,00267.734220
0000000016785,00267.749170
0000000016786,00267.764145
0000000016787,00267.779168
0000000016788,00267.794219
0000000016789,00267.809424
0000000016790,00267.824411
0000000016791,00267.839165
0000000016792,00267.859422
0000000016793,00267.874159
0000000016794,00267.889387
0000000016795,00267.904417
0000000016796,00267.919430
0000000016797,00267.934441
0000000016798,00267.949229
0000000016799,00267.964266
0000000016800,00267.984255
0000000016801,00267.999265
0000000016802,00268.014473
0000000016803,00268.029253
0000000016804,00268.044215
0000000016805,00268.059480
0000000016806,00268.082287
0000000016807,00268.106439
0000000016808,00268.131739
0000000016809,00268.154332
0000000016810,00268.179762
0000000016811,00268.202681
0000000016812,00268.226774
0000000016813,00268.251835
0000000016814,00268.275682
0000000016815,00268.302658
0000000016816,00268.325492
0000000016817,00268.350286
0000000016818,00268.375900
0000000016819,00268.407216
0000000016820,00268.431528
0000000016821,00268.454043
0000000016822,00268.476138
0000000016823,00268.498825
0000000016824,00268.522404
0000000016825,00268.544886
0000000016826,00268.567069
0000000016827,00268.590189
0000000016828,00268.612656
0000000016829,00268.635009
0000000016830,00268.657402
0000000016831,00268.681857
0000000016832,00268.704833
0000000016833,00268.727710
0000000016834,00268.750674
0000000016835,00268.773876
0000000016836,00268.797397
0000000016837,00268.821571
0000000016838,00268.844531
0000000016839,00268.867635
0000000016840,00268.893741
0000000016841,00268.916397
0000000016842,00268.939305
0000000016843,00268.963270
0000000016844,00268.992120
0000000016845,00269.019097
0000000016846,00269.045457
0000000016847,00269.071444
0000000016848,00269.093917
0000000016849,00269.117614
0000000016850,00269.139646
0000000016851,00269.163653
0000000016852,00269.189680
0000000016853,00269.213015
0000000016854,00269.237906
0000000016855,00269.260257
0000000016856,00269.282563
0000000016857,00269.304961
0000000016858,00269.328331
0000000016859,00269.352966
0000000016860,00269.378538
0000000016861,00269.400408
0000000016862,00269.422946
0000000016863,00269.445924
0000000016864,00269.471672
0000000016865,00269.493706
0000000016866,00269.516190
0000000016867,00269.538147
0000000016868,00269.562765
0000000016869,00269.585216
0000000016870,00269.607570
0000000016871,00269.632527
0000000016872,00269.638668
0000000016873,00269.652222
0000000016874,00269.667231
0000000016875,00269.682302
0000000016876,00269.697223
0000000016877,00269.712296
0000000016878,00269.727261
0000000016879,00269.742239
0000000016880,00269.762336
0000000016881,00269.777221
0000000016882,00269.792226
0000000016883,00269.807234
0000000016884,00269.822265
0000000016885,00269.837264
0000000016886,00269.852460
0000000016887,00269.867295
0000000016888,00269.887248
0000000016889,00269.902378
0000000016890,00269.917472
0000000016891,00269.932313
0000000016892,00269.947263
0000000016893,00269.962263
0000000016894,00269.977391
0000000016895,00269.992324
0000000016896,00270.007266
0000000016897,00270.027291
0000000016898,00270.042288
0000000016899,00270.057238
0000000016900,00270.072335
0000000016901,00270.087464
0000000016902,00270.102414
0000000016903,00270.117283
0000000016904,00270.132179
0000000016905,00270.152668
0000000016906,00270.167360
0000000016907,00270.182275
0000000016908,00270.197325
0000000016909,00270.212309
0000000016910,00270.227578
0000000016911,00270.242476
0000000016912,00270.257204
0000000016913,00270.277405
0000000016914,00270.292336
0000000016915,00270.307558
0000000016916,00270.322325
0000000016917,00270.337305
0000000016918,00270.352255
0000000016919,00270.367296
0000000016920,00270.382269
0000000016921,00270.397309
0000000016922,00270.417294
0000000016923,00270.432305
0000000016924,00270.447507
0000000016925,00270.462302
0000000016926,00270.477332
0000000016927,00270.492417
0000000016928,00270.507603
0000000016929,00270.522261
0000000016930,00270.542679
0000000016931,00270.557571
0000000016932,00270.572224
0000000016933,00270.587235
0000000016934,00270.602269
0000000016935,00270.617316
0000000016936,00270.632301
0000000016937,00270.647164
0000000016938,00270.667342
0000000016939,00270.682276
0000000016940,00270.697458
0000000016941,00270.712443
0000000016942,00270.727253
0000000016943,00270.742335
0000000016944,00270.757606
0000000016945,00270.772434
0000000016946,00270.787464
0000000016947,00270.807747
0000000016948,00270.822436
0000000016949,00270.837338
0000000016950,00270.852590
0000000016951,00270.867341
0000000016952,00270.882275
0000000016953,00270.897589
0000000016954,00270.912301
0000000016955,00270.932315
0000000016956,00270.947670
0000000016957,00270.962509
0000000016958,00270.977426
0000000016959,00270.992361
0000000016960,00271.007488
0000000016961,00271.022292
0000000016962,00271.037278
0000000016963,00271.057597
0000000016964,00271.072305
0000000016965,00271.087484
0000000016966,00271.102264
0000000016967,00271.117478
0000000016968,00271.132251
0000000016969,00271.147514
0000000016970,00271.162516
0000000016971,00271.177322
0000000016972,00271.197299
0000000016973,00271.212346
0000000016974,00271.227345
0000000016975,00271.242596
0000000016976,00271.257638
0000000016977,00271.272313
0000000016978,00271.287558
0000000016979,00271.302211
0000000016980,00271.322384
0000000016981,00271.337261
0000000016982,00271.352418
0000000016983,00271.367349
0000000016984,00271.382318
0000000016985,00271.397618
0000000016986,00271.412384
0000000016987,00271.427298
0000000016988,00271.447340
0000000016989,00271.462504
0000000016990,00271.477354
0000000016991,00271.492365
0000000016992,00271.507283
0000000016993,00271.522277
0000000016994,00271.537502
0000000016995,00271.552311
0000000016996,00271.567303
0000000016997,00271.587564
0000000016998,00271.602361
0000000016999,00271.617349
0000000017000,00271.632337
0000000017001,00271.647382
0000000017002,00271.662651
0000000017003,00271.677462
0000000017004,00271.692390
0000000017005,00271.712637
0000000017006,00271.727587
0000000017007,00271.742458
0000000017008,00271.757342
0000000017009,00271.772328
0000000017010,00271.787404
0000000017011,00271.802342
0000000017012,00271.817255
0000000017013,00271.837366
0000000017014,00271.852268
0000000017015,00271.867487
0000000017016,00271.882619
0000000017017,00271.897337
0000000017018,00271.933454
0000000017019,00271.940536
0000000017020,00271.947134
0000000017021,00271.970454
0000000017022,00271.977466
0000000017023,00271.992371
0000000017024,00272.014937
0000000017025,00272.040333
0000000017026,00272.063009
0000000017027,00272.085783
0000000017028,00272.108226
0000000017029,00272.131211
0000000017030,00272.154035
0000000017031,00272.176540
0000000017032,00272.202044
0000000017033,00272.226873
0000000017034,00272.251400
0000000017035,00272.277740
0000000017036,00272.301738
0000000017037,00272.324408
0000000017038,00272.350516
0000000017039,00272.372886
0000000017040,00272.398171
0000000017041,00272.421247
0000000017042,00272.444255
0000000017043,00272.468613
0000000017044,00272.491339
0000000017045,00272.517528
0000000017046,00272.540606
0000000017047,00272.568903
0000000017048,00272.595696
0000000017049,00272.621016
0000000017050,00272.647109
0000000017051,00272.672845
0000000017052,00272.696161
0000000017053,00272.718673
0000000017054,00272.741344
0000000017055,00272.763738
0000000017056,00272.786061
0000000017057,00272.808692
0000000017058,00272.833627
0000000017059,00272.856095
0000000017060,00272.880359
0000000017061,00272.903171
0000000017062,00272.927796
0000000017063,00272.952291
0000000017064,00272.975035
0000000017065,00272.998703
0000000017066,00273.021934
0000000017067,00273.046575
0000000017068,00273.069293
0000000017069,00273.091522
0000000017070,00273.114251
0000000017071,00273.138632
0000000017072,00273.161433
0000000017073,00273.184110
0000000017074,00273.206626
0000000017075,00273.229785
0000000017076,00273.251978
0000000017077,00273.274834
0000000017078,00273.299352
0000000017079,00273.321994
0000000017080,00273.346324
0000000017081,00273.372770
0000000017082,00273.395274
0000000017083,00273.417846
0000000017084,00273.442180
0000000017085,00273.466208
0000000017086,00273.488887
0000000017087,00273.513529
0000000017088,00273.536309
0000000017089,00273.558793
0000000017090,00273.581498
0000000017091,00273.606240
0000000017092,00273.629085
0000000017093,00273.652098
0000000017094,00273.676933
0000000017095,00273.699464
0000000017096,00273.722913
0000000017097,00273.746048
0000000017098,00273.769083
0000000017099,00273.792255
0000000017100,00273.815157
0000000017101,00273.837776
0000000017102,00273.860105
0000000017103,00273.885793
0000000017104,00273.908212
0000000017105,00273.931728
0000000017106,00273.954569
0000000017107,00273.980974
0000000017108,00274.005454
0000000017109,00274.028040
0000000017110,00274.054409
0000000017111,00274.077109
0000000017112,00274.100142
0000000017113,00274.122441
0000000017114,00274.145748
0000000017115,00274.168510
0000000017116,00274.191420
0000000017117,00274.216828
0000000017118,00274.239451
0000000017119,00274.261630
0000000017120,00274.286850
0000000017121,00274.311417
0000000017122,00274.334506
0000000017123,00274.357776
0000000017124,00274.383215
0000000017125,00274.407150
0000000017126,00274.430117
0000000017127,00274.453876
0000000017128,00274.479124
0000000017129,00274.502171
0000000017130,00274.524403
0000000017131,00274.547411
0000000017132,00274.577201
0000000017133,00274.603514
0000000017134,00274.626821
0000000017135,00274.649960
0000000017136,00274.674991
0000000017137,00274.698418
0000000017138,00274.721151
0000000017139,00274.746137
0000000017140,00274.771289
0000000017141,00274.796305
0000000017142,00274.821432
0000000017143,00274.844185
0000000017144,00274.870407
0000000017145,00274.893394
0000000017146,00274.915931
0000000017147,00274.938278
0000000017148,00274.963368
0000000017149,00274.988530
0000000017150,00275.011545
0000000017151,00275.034079
0000000017152,00275.057380
0000000017153,00275.083001
0000000017154,00275.105751
0000000017155,00275.128159
0000000017156,00275.140457
0000000017157,00275.155491
0000000017158,00275.175527
0000000017159,00275.190441
0000000017160,00275.205556
0000000017161,00275.220510
0000000017162,00275.235644
0000000017163,00275.250514
0000000017164,00275.265592
0000000017165,00275.280747
0000000017166,00275.300525
0000000017167,00275.315837
0000000017168,00275.330660
0000000017169,00275.345615
0000000017170,00275.360471
0000000017171,00275.375751
0000000017172,00275.390555
0000000017173,00275.405610
0000000017174,00275.420531
0000000017175,00275.440614
0000000017176,00275.455619
0000000017177,00275.470658
0000000017178,00275.485690
0000000017179,00275.500557
0000000017180,00275.515583
0000000017181,00275.530524
0000000017182,00275.545749
0000000017183,00275.565915
0000000017184,00275.580692
0000000017185,00275.595905
0000000017186,00275.610512
0000000017187,00275.625816
0000000017188,00275.640509
0000000017189,00275.655493
0000000017190,00275.670538
0000000017191,00275.690858
0000000017192,00275.705799
0000000017193,00275.720586
0000000017194,00275.735409
0000000017195,00275.750585
0000000017196,00275.765536
0000000017197,00275.780510
0000000017198,00275.795680
0000000017199,00275.810580
0000000017200,00275.830586
0000000017201,00275.845745
0000000017202,00275.860590
0000000017203,00275.875767
0000000017204,00275.890750
0000000017205,00275.905570
0000000017206,00275.920529
0000000017207,00275.935741
0000000017208,00275.955626
0000000017209,00275.970499
0000000017210,00275.985721
0000000017211,00276.000801
0000000017212,00276.015472
0000000017213,00276.030500
0000000017214,00276.045733
0000000017215,00276.060528
0000000017216,00276.080924
0000000017217,00276.095631
0000000017218,00276.130546
0000000017219,00276.140566
0000000017220,00276.155430
0000000017221,00276.170476
0000000017222,00276.185507
0000000017223,00276.200519
0000000017224,00276.220709
0000000017225,00276.235456
0000000017226,00276.250486
0000000017227,00276.265553
0000000017228,00276.280413
0000000017229,00276.295510
0000000017230,00276.310384
0000000017231,00276.325484
0000000017232,00276.345413
0000000017233,00276.360446
0000000017234,00276.375588
0000000017235,00276.391399
0000000017236,00276.406522
0000000017237,00276.421459
0000000017238,00276.436404
0000000017239,00276.451447
0000000017240,00276.466461
0000000017241,00276.481443
0000000017242,00276.501523
0000000017243,00276.516420
0000000017244,00276.531408
0000000017245,00276.546398
0000000017246,00276.561441
0000000017247,00276.576403
0000000017248,00276.591522
0000000017249,00276.606515
0000000017250,00276.626466
0000000017251,00276.641453
0000000017252,00276.656663
0000000017253,00276.671397
0000000017254,00276.686642
0000000017255,00276.701503
0000000017256,00276.716352
0000000017257,00276.731437
0000000017258,00276.746464
0000000017259,00276.766359
0000000017260,00276.781521
0000000017261,00276.796431
0000000017262,00276.811366
0000000017263,00276.826446
0000000017264,00276.841461
0000000017265,00276.856401
0000000017266,00276.871476
0000000017267,00276.891525
0000000017268,00276.906475
0000000017269,00276.921470
0000000017270,00276.936477
0000000017271,00276.951429
0000000017272,00276.966457
0000000017273,00276.981439
0000000017274,00276.996439
0000000017275,00277.016533
0000000017276,00277.031495
0000000017277,00277.046432
0000000017278,00277.061565
0000000017279,00277.076535
0000000017280,00277.091449
0000000017281,00277.106611
0000000017282,00277.121578
0000000017283,00277.136677
0000000017284,00277.156702
0000000017285,00277.171573
0000000017286,00277.186432
0000000017287,00277.201541
0000000017288,00277.216499
0000000017289,00277.231473
0000000017290,00277.246402
0000000017291,00277.261566
0000000017292,00277.281719
0000000017293,00277.296734
0000000017294,00277.311710
0000000017295,00277.326855
0000000017296,00277.341531
0000000017297,00277.356695
0000000017298,00277.371536
0000000017299,00277.386574
0000000017300,00277.406834
0000000017301,00277.421579
0000000017302,00277.436521
0000000017303,00277.451488
0000000017304,00277.466517
0000000017305,00277.491911
0000000017306,00277.516847
0000000017307,00277.538881
0000000017308,00277.564570
0000000017309,00277.586953
0000000017310,00277.611728
0000000017311,00277.635525
0000000017312,00277.658349
0000000017313,00277.682410
0000000017314,00277.705012
0000000017315,00277.727035
0000000017316,00277.753396
0000000017317,00277.775889
0000000017318,00277.798046
0000000017319,00277.822773
0000000017320,00277.845045
0000000017321,00277.869059
0000000017322,00277.891835
0000000017323,00277.915323
0000000017324,00277.941575
0000000017325,00277.963782
0000000017326,00277.989814
0000000017327,00278.012393
0000000017328,00278.037746
0000000017329,00278.061073
0000000017330,00278.083633
0000000017331,00278.106551
0000000017332,00278.129171
0000000017333,00278.155481
0000000017334,00278.181175
0000000017335,00278.206583
0000000017336,00278.230524
0000000017337,00278.253741
0000000017338,00278.279923
0000000017339,00278.302047
0000000017340,00278.324439
0000000017341,00278.348108
0000000017342,00278.371706
0000000017343,00278.396144
0000000017344,00278.418877
0000000017345,00278.441227
0000000017346,00278.464060
0000000017347,00278.489667
0000000017348,00278.512631
0000000017349,00278.537544
0000000017350,00278.560243
0000000017351,00278.582687
0000000017352,00278.604456
0000000017353,00278.630389
0000000017354,00278.653044
0000000017355,00278.675194
0000000017356,00278.697384
0000000017357,00278.722205
0000000017358,00278.744560
0000000017359,00278.769464
0000000017360,00278.792167
0000000017361,00278.816812
0000000017362,00278.839005
0000000017363,00278.861005
0000000017364,00278.884985
0000000017365,00278.910941
0000000017366,00278.933795
0000000017367,00278.955937
0000000017368,00278.978106
0000000017369,00279.003398
0000000017370,00279.029695
0000000017371,00279.043583
0000000017372,00279.058591
0000000017373,00279.073596
0000000017374,00279.088586
0000000017375,00279.103568
0000000017376,00279.118816
0000000017377,00279.133562
0000000017378,00279.153575
0000000017379,00279.168639
0000000017380,00279.183614
0000000017381,00279.198525
0000000017382,00279.213535
0000000017383,00279.228643
0000000017384,00279.243570
0000000017385,00279.258540
0000000017386,00279.273656
0000000017387,00279.293692
0000000017388,00279.308619
0000000017389,00279.323614
0000000017390,00279.338532
0000000017391,00279.353627
0000000017392,00279.368705
0000000017393,00279.383645
0000000017394,00279.398511
0000000017395,00279.418732
0000000017396,00279.433643
0000000017397,00279.448769
0000000017398,00279.463611
0000000017399,00279.478930
0000000017400,00279.493583
0000000017401,00279.508813
0000000017402,00279.523606
0000000017403,00279.543677
0000000017404,00279.558691
0000000017405,00279.573572
0000000017406,00279.588623
0000000017407,00279.603603
0000000017408,00279.618502
0000000017409,00279.633665
0000000017410,00279.648998
0000000017411,00279.663577
0000000017412,00279.684054
0000000017413,00279.698976
0000000017414,00279.713706
0000000017415,00279.728832
0000000017416,00279.743584
0000000017417,00279.758637
0000000017418,00279.808833
0000000017419,00279.824316
0000000017420,00279.853680
0000000017421,00279.859895
0000000017422,00279.870538
0000000017423,00279.885990
0000000017424,00279.900677
0000000017425,00279.915684
0000000017426,00279.930670
0000000017427,00279.945857
0000000017428,00279.960534
0000000017429,00279.975615
0000000017430,00279.995634
0000000017431,00280.010753
0000000017432,00280.025642
0000000017433,00280.040529
0000000017434,00280.055599
0000000017435,00280.070588
0000000017436,00280.085567
0000000017437,00280.100657
0000000017438,00280.120586
0000000017439,00280.135576
0000000017440,00280.150573
0000000017441,00280.165563
0000000017442,00280.180566
0000000017443,00280.195555
0000000017444,00280.210595
0000000017445,00280.225490
0000000017446,00280.245613
0000000017447,00280.260591
0000000017448,00280.275535
0000000017449,00280.290554
0000000017450,00280.305610
0000000017451,00280.320531
0000000017452,00280.335590
0000000017453,00280.350575
0000000017454,00280.365592
0000000017455,00280.385657
0000000017456,00280.400618
0000000017457,00280.415511
0000000017458,00280.430587
0000000017459,00280.445603
0000000017460,00280.460504
0000000017461,00280.475613
0000000017462,00280.490619
0000000017463,00280.510583
0000000017464,00280.525585
0000000017465,00280.540624
0000000017466,00280.555587
0000000017467,00280.570578
0000000017468,00280.585633
0000000017469,00280.600550
0000000017470,00280.616309
0000000017471,00280.635650
0000000017472,00280.650583
0000000017473,00280.665700
0000000017474,00280.680628
0000000017475,00280.695603
0000000017476,00280.710719
0000000017477,00280.725722
0000000017478,00280.740649
0000000017479,00280.755631
0000000017480,00280.775676
0000000017481,00280.790585
0000000017482,00280.805650
0000000017483,00280.820683
0000000017484,00280.835574
0000000017485,00280.850622
0000000017486,00280.865596
0000000017487,00280.880565
0000000017488,00280.900648
0000000017489,00280.915715
0000000017490,00280.930646
0000000017491,00280.945659
0000000017492,00280.960620
0000000017493,00280.975654
0000000017494,00280.990641
0000000017495,00281.005653
0000000017496,00281.025667
0000000017497,00281.040649
0000000017498,00281.055706
0000000017499,00281.070620
0000000017500,00281.085708
0000000017501,00281.100661
0000000017502,00281.115647
0000000017503,00281.130634
0000000017504,00281.145671
0000000017505,00281.165854
0000000017506,00281.180786
0000000017507,00281.195822
0000000017508,00281.210680
0000000017509,00281.225773
0000000017510,00281.240675
0000000017511,00281.255626
0000000017512,00281.270630
0000000017513,00281.290719
0000000017514,00281.305723
0000000017515,00281.320723
0000000017516,00281.335702
0000000017517,00281.350693
0000000017518,00281.365706
0000000017519,00281.380731
0000000017520,00281.403511
0000000017521,00281.426740
0000000017522,00281.450139
0000000017523,00281.474034
0000000017524,00281.496993
0000000017525,00281.520613
0000000017526,00281.546580
0000000017527,00281.571075
0000000017528,00281.593968
0000000017529,00281.617664
0000000017530,00281.642255
0000000017531,00281.668810
0000000017532,00281.692588
0000000017533,00281.717150
0000000017534,00281.744588
0000000017535,00281.771144
0000000017536,00281.796437
0000000017537,00281.820487
0000000017538,00281.844791
0000000017539,00281.868114
0000000017540,00281.890380
0000000017541,00281.913128
0000000017542,00281.937488
0000000017543,00281.960509
0000000017544,00281.983053
0000000017545,00282.005499
0000000017546,00282.030844
0000000017547,00282.057130
0000000017548,00282.082089
0000000017549,00282.104627
0000000017550,00282.128611
0000000017551,00282.154707
0000000017552,00282.177255
0000000017553,00282.199612
0000000017554,00282.221768
0000000017555,00282.244442
0000000017556,00282.268577
0000000017557,00282.292550
0000000017558,00282.315816
0000000017559,00282.341595
0000000017560,00282.363930
0000000017561,00282.386579
0000000017562,00282.409881
0000000017563,00282.435992
0000000017564,00282.458958
0000000017565,00282.481192
0000000017566,00282.505277
0000000017567,00282.531230
0000000017568,00282.553900
0000000017569,00282.575928
0000000017570,00282.598359
0000000017571,00282.622872
0000000017572,00282.645136
0000000017573,00282.667792
0000000017574,00282.691213
0000000017575,00282.713775
0000000017576,00282.736822
0000000017577,00282.762966
0000000017578,00282.785722
0000000017579,00282.811650
0000000017580,00282.834545
0000000017581,00282.858425
0000000017582,00282.880764
0000000017583,00282.906509
0000000017584,00282.929271
0000000017585,00282.953467
0000000017586,00282.976076
0000000017587,00282.999746
0000000017588,00283.024340
0000000017589,00283.048616
0000000017590,00283.071276
0000000017591,00283.094642
0000000017592,00283.117227
0000000017593,00283.139319
0000000017594,00283.162325
0000000017595,00283.186560
0000000017596,00283.212234
0000000017597,00283.234959
0000000017598,00283.260094
0000000017599,00283.282175
0000000017600,00283.305070
0000000017601,00283.328606
0000000017602,00283.351434
0000000017603,00283.375095
0000000017604,00283.397840
0000000017605,00283.422611
0000000017606,00283.448902
0000000017607,00283.471364
0000000017608,00283.493731
0000000017609,00283.516470
0000000017610,00283.542526
0000000017611,00283.564792
0000000017612,00283.587190
0000000017613,00283.610501
0000000017614,00283.635451
0000000017615,00283.657912
0000000017616,00283.684645
0000000017617,00283.707351
0000000017618,00283.733185
0000000017619,00283.779014
0000000017620,00283.803580
0000000017621,00283.826063
0000000017622,00283.848978
0000000017623,00283.871728
0000000017624,00283.894511
0000000017625,00283.916601
0000000017626,00283.938539
0000000017627,00283.960893
0000000017628,00283.982658
0000000017629,00284.006242
0000000017630,00284.027976
0000000017631,00284.050120
0000000017632,00284.071990
0000000017633,00284.094142
0000000017634,00284.116179
0000000017635,00284.140243
0000000017636,00284.162276
0000000017637,00284.184203
0000000017638,00284.205919
0000000017639,00284.228656
0000000017640,00284.252055
0000000017641,00284.273925
0000000017642,00284.296145
0000000017643,00284.321924
0000000017644,00284.343979
0000000017645,00284.366254
0000000017646,00284.388122
0000000017647,00284.410574
0000000017648,00284.434036
0000000017649,00284.456322
0000000017650,00284.478121
0000000017651,00284.504156
0000000017652,00284.517728
0000000017653,00284.532656
0000000017654,00284.547770
0000000017655,00284.562759
0000000017656,00284.577684
0000000017657,00284.597818
0000000017658,00284.612751
0000000017659,00284.627743
0000000017660,00284.642731
0000000017661,00284.657763
0000000017662,00284.672814
0000000017663,00284.687774
0000000017664,00284.702766
0000000017665,00284.722869
0000000017666,00284.737903
0000000017667,00284.752863
0000000017668,00284.767853
0000000017669,00284.782759
0000000017670,00284.797740
0000000017671,00284.812814
0000000017672,00284.827824
0000000017673,00284.842812
0000000017674,00284.862739
0000000017675,00284.877770
0000000017676,00284.892809
0000000017677,00284.907915
0000000017678,00284.922945
0000000017679,00284.938046
0000000017680,00284.952994
0000000017681,00284.968232
0000000017682,00284.987913
0000000017683,00285.002799
0000000017684,00285.018022
0000000017685,00285.032859
0000000017686,00285.047799
0000000017687,00285.062814
0000000017688,00285.077832
0000000017689,00285.092829
0000000017690,00285.113207
0000000017691,00285.128186
0000000017692,00285.142812
0000000017693,00285.158087
0000000017694,00285.172845
0000000017695,00285.188068
0000000017696,00285.203130
0000000017697,00285.217910
0000000017698,00285.232754
0000000017699,00285.252966
0000000017700,00285.268012
0000000017701,00285.282817
0000000017702,00285.298012
0000000017703,00285.312817
0000000017704,00285.327859
0000000017705,00285.342873
0000000017706,00285.357805
0000000017707,00285.377817
0000000017708,00285.392805
0000000017709,00285.408132
0000000017710,00285.423113
0000000017711,00285.438101
0000000017712,00285.452892
0000000017713,00285.467814
0000000017714,00285.482753
0000000017715,00285.503083
0000000017716,00285.518088
0000000017717,00285.533011
0000000017718,00285.547861
0000000017719,00285.562799
0000000017720,00285.577955
0000000017721,00285.592836
0000000017722,00285.608086
0000000017723,00285.623130
0000000017724,00285.642850
0000000017725,00285.657835
0000000017726,00285.672913
0000000017727,00285.687727
0000000017728,00285.702831
0000000017729,00285.717938
0000000017730,00285.732813
0000000017731,00285.747840
0000000017732,00285.767861
0000000017733,00285.782906
0000000017734,00285.797782
0000000017735,00285.812881
0000000017736,00285.827903
0000000017737,00285.842759
0000000017738,00285.857921
0000000017739,00285.872845
0000000017740,00285.887819
0000000017741,00285.907852
0000000017742,00285.922961
0000000017743,00285.937806
0000000017744,00285.952830
0000000017745,00285.967831
0000000017746,00285.982876
0000000017747,00285.998142
0000000017748,00286.013164
0000000017749,00286.032850
0000000017750,00286.047812
0000000017751,00286.062954
0000000017752,00286.077981
0000000017753,00286.092845
0000000017754,00286.108189
0000000017755,00286.123009
0000000017756,00286.138002
0000000017757,00286.158269
0000000017758,00286.173131
0000000017759,00286.187796
0000000017760,00286.203106
0000000017761,00286.218038
0000000017762,00286.233035
0000000017763,00286.247848
0000000017764,00286.263138
0000000017765,00286.277805
0000000017766,00286.297889
0000000017767,00286.312830
0000000017768,00286.327978
0000000017769,00286.342832
0000000017770,00286.357838
0000000017771,00286.372974
0000000017772,00286.387922
0000000017773,00286.402822
0000000017774,00286.422832
0000000017775,00286.437980
0000000017776,00286.452801
0000000017777,00286.467897
0000000017778,00286.483103
0000000017779,00286.497899
0000000017780,00286.512911
0000000017781,00286.528175
0000000017782,00286.547891
0000000017783,00286.562861
0000000017784,00286.578088
0000000017785,00286.592852
0000000017786,00286.608024
0000000017787,00286.624172
0000000017788,00286.638897
0000000017789,00286.653827
0000000017790,00286.669073
0000000017791,00286.683851
0000000017792,00286.703902
0000000017793,00286.718860
0000000017794,00286.733813
0000000017795,00286.748820
0000000017796,00286.764019
0000000017797,00286.779049
0000000017798,00286.793769
0000000017799,00286.809011
0000000017800,00286.823956
0000000017801,00286.844288
0000000017802,00286.869261
0000000017803,00286.895803
0000000017804,00286.918476
0000000017805,00286.940725
0000000017806,00286.963857
0000000017807,00286.986734
0000000017808,00287.008980
0000000017809,00287.031610
0000000017810,00287.055493
0000000017811,00287.081851
0000000017812,00287.105526
0000000017813,00287.131961
0000000017814,00287.154867
0000000017815,00287.179504
0000000017816,00287.202777
0000000017817,00287.225704
0000000017818,00287.309471
0000000017819,00287.351058
0000000017820,00287.373988
0000000017821,00287.402237
0000000017822,00287.430077
0000000017823,00287.453130
0000000017824,00287.476087
0000000017825,00287.499178
0000000017826,00287.522242
0000000017827,00287.548944
0000000017828,00287.570992
0000000017829,00287.595707
0000000017830,00287.617708
0000000017831,00287.639993
0000000017832,00287.663566
0000000017833,00287.685951
0000000017834,00287.711355
0000000017835,00287.737155
0000000017836,00287.759941
0000000017837,00287.785809
0000000017838,00287.808732
0000000017839,00287.831354
0000000017840,00287.854416
0000000017841,00287.879449
0000000017842,00287.902053
0000000017843,00287.926907
0000000017844,00287.949863
0000000017845,00287.975162
0000000017846,00287.997969
0000000017847,00288.020406
0000000017848,00288.046780
0000000017849,00288.071419
0000000017850,00288.094460
0000000017851,00288.116540
0000000017852,00288.143123
0000000017853,00288.165756
0000000017854,00288.188138
0000000017855,00288.212493
0000000017856,00288.235215
0000000017857,00288.258953
0000000017858,00288.281652
0000000017859,00288.303979
0000000017860,00288.326732
0000000017861,00288.348841
0000000017862,00288.371445
0000000017863,00288.394764
0000000017864,00288.417488
0000000017865,00288.433979
0000000017866,00288.448930
0000000017867,00288.463907
0000000017868,00288.478932
0000000017869,00288.493935
0000000017870,00288.508859
0000000017871,00288.528931
0000000017872,00288.543909
0000000017873,00288.558886
0000000017874,00288.573949
0000000017875,00288.588912
0000000017876,00288.603926
0000000017877,00288.619003
0000000017878,00288.634006
0000000017879,00288.654017
0000000017880,00288.669152
0000000017881,00288.684053
0000000017882,00288.698921
0000000017883,00288.714045
0000000017884,00288.729050
0000000017885,00288.743950
0000000017886,00288.759163
0000000017887,00288.773988
0000000017888,00288.794090
0000000017889,00288.809020
0000000017890,00288.823945
0000000017891,00288.838880
0000000017892,00288.853896
0000000017893,00288.869248
0000000017894,00288.883921
0000000017895,00288.898872
0000000017896,00288.918968
0000000017897,00288.933903
0000000017898,00288.949009
0000000017899,00288.963934
0000000017900,00288.978952
0000000017901,00288.993882
0000000017902,00289.009105
0000000017903,00289.023894
0000000017904,00289.044062
0000000017905,00289.059049
0000000017906,00289.074945
0000000017907,00289.090051
0000000017908,00289.105240
0000000017909,00289.119946
0000000017910,00289.134951
0000000017911,00289.149912
0000000017912,00289.164955
0000000017913,00289.180003
0000000017914,00289.200164
0000000017915,00289.214943
0000000017916,00289.230123
0000000017917,00289.244984
0000000017918,00289.259877
0000000017919,00289.275142
0000000017920,00289.289918
0000000017921,00289.304973
0000000017922,00289.320091
0000000017923,00289.339982
0000000017924,00289.354946
0000000017925,00289.369980
0000000017926,00289.385013
0000000017927,00289.399950
0000000017928,00289.414967
0000000017929,00289.430020
0000000017930,00289.444902
0000000017931,00289.465321
0000000017932,00289.480129
0000000017933,00289.494931
0000000017934,00289.509988
0000000017935,00289.524940
0000000017936,00289.539934
0000000017937,00289.554992
0000000017938,00289.569990
0000000017939,00289.589951
0000000017940,00289.604960
0000000017941,00289.620017
0000000017942,00289.634948
0000000017943,00289.650038
0000000017944,00289.664973
0000000017945,00289.679927
0000000017946,00289.695066
0000000017947,00289.709945
0000000017948,00289.729949
0000000017949,00289.744926
0000000017950,00289.759992
0000000017951,00289.774969
0000000017952,00289.789995
0000000017953,00289.804963
0000000017954,00289.820210
0000000017955,00289.834942
0000000017956,00289.855026
0000000017957,00289.869966
0000000017958,00289.885018
0000000017959,00289.900019
0000000017960,00289.914976
0000000017961,00289.930185
0000000017962,00289.945127
0000000017963,00289.959956
0000000017964,00289.974920
0000000017965,00289.995214
0000000017966,00290.010023
0000000017967,00290.025004
0000000017968,00290.040028
0000000017969,00290.054936
0000000017970,00290.069963
0000000017971,00290.085019
0000000017972,00290.099982
0000000017973,00290.120085
0000000017974,00290.135020
0000000017975,00290.149982
0000000017976,00290.165052
0000000017977,00290.180148
0000000017978,00290.195033
0000000017979,00290.210007
0000000017980,00290.225051
0000000017981,00290.245042
0000000017982,00290.259968
0000000017983,00290.274987
0000000017984,00290.289927
0000000017985,00290.305029
0000000017986,00290.320049
0000000017987,00290.334954
0000000017988,00290.350010
0000000017989,00290.364964
0000000017990,00290.385102
0000000017991,00290.400168
0000000017992,00290.414965
0000000017993,00290.430367
0000000017994,00290.445006
0000000017995,00290.459929
0000000017996,00290.474984
0000000017997,00290.489905
0000000017998,00290.510472
0000000017999,00290.525365
0000000018000,00290.540036
0000000018001,00290.555124
0000000018002,00290.570382
0000000018003,00290.585031
0000000018004,00290.600005
0000000018005,00290.615052
0000000018006,00290.630922
0000000018007,00290.646246
0000000018008,00290.666067
0000000018009,00290.681047
0000000018010,00290.696172
0000000018011,00290.711237
0000000018012,00290.726223
0000000018013,00290.741091
0000000018014,00290.756331
0000000018015,00290.771081
0000000018016,00290.791088
0000000018017,00290.805961
0000000018018,00290.838878
0000000018019,00290.850864
0000000018020,00290.866041
0000000018021,00290.880932
0000000018022,00290.895936
0000000018023,00290.910925
0000000018024,00290.930942
0000000018025,00290.946019
0000000018026,00290.961081
0000000018027,00290.975974
0000000018028,00290.990942
0000000018029,00291.006054
0000000018030,00291.020962
0000000018031,00291.035922
0000000018032,00291.056031
0000000018033,00291.070966
0000000018034,00291.085983
0000000018035,00291.101032
0000000018036,00291.116078
0000000018037,00291.130980
0000000018038,00291.146050
0000000018039,00291.161997
0000000018040,00291.176955
0000000018041,00291.191969
0000000018042,00291.212086
0000000018043,00291.227051
0000000018044,00291.242042
0000000018045,00291.257036
0000000018046,00291.272080
0000000018047,00291.287008
0000000018048,00291.302206
0000000018049,00291.316923
0000000018050,00291.337227
0000000018051,00291.351997
0000000018052,00291.366967
0000000018053,00291.382005
0000000018054,00291.397015
0000000018055,00291.412217
0000000018056,00291.427215
0000000018057,00291.442041
0000000018058,00291.457025
0000000018059,00291.477119
0000000018060,00291.492173
0000000018061,00291.506977
0000000018062,00291.522076
0000000018063,00291.536984
0000000018064,00291.551998
0000000018065,00291.566964
0000000018066,00291.582021
0000000018067,00291.601942
0000000018068,00291.616981
0000000018069,00291.632032
0000000018070,00291.646962
0000000018071,00291.661982
0000000018072,00291.677084
0000000018073,00291.691948
0000000018074,00291.707029
0000000018075,00291.727062
0000000018076,00291.741998
0000000018077,00291.757020
0000000018078,00291.772002
0000000018079,00291.786945
0000000018080,00291.801906
0000000018081,00291.816994
0000000018082,00291.832094
0000000018083,00291.847156
0000000018084,00291.867066
0000000018085,00291.882006
0000000018086,00291.897107
0000000018087,00291.912000
0000000018088,00291.926983
0000000018089,00291.942084
0000000018090,00291.957054
0000000018091,00291.972024
0000000018092,00291.992192
0000000018093,00292.007270
