0000000002559,00004.000000
0000000002560,00004.000000
0000000002561,00004.000000
0000000002562,00004.000000
0000000002563,00004.000000
0000000002564,00004.000000
0000000002565,00004.000000
0000000002566,00004.000000
0000000002567,00004.000000
0000000002568,00004.000000
0000000002569,00004.000000
0000000002570,00004.000000
0000000002571,00004.000000
0000000002572,00004.000000
0000000002573,00004.000000
0000000002574,00004.000000
0000000002575,00004.000000
0000000002576,00004.000000
0000000002577,00004.000000
0000000002578,00004.000000
0000000002579,00004.000000
0000000002580,00004.000000
0000000002581,00004.000000
0000000002582,00004.000000
0000000002583,00004.000000
0000000002584,00004.000000
0000000002585,00004.000000
0000000002586,00004.000000
0000000002587,00004.000000
0000000002588,00004.000000
0000000002589,00004.000000
0000000002590,00004.000000
0000000002591,00004.000000
0000000002592,00004.000000
0000000002593,00004.000000
0000000002594,00004.000000
0000000002595,00004.000000
0000000002596,00004.000000
0000000002597,00004.000000
0000000002598,00004.000000
0000000002599,00004.000000
0000000002600,00004.000000
0000000002601,00004.000000
0000000002602,00004.000000
0000000002603,00004.000000
0000000002604,00004.000000
0000000002605,00004.000000
0000000002606,00004.000000
0000000002607,00004.000000
0000000002608,00004.000000
0000000002609,00004.000000
0000000002610,00004.000000
0000000002611,00004.000000
0000000002612,00004.000000
0000000002613,00004.000000
0000000002614,00004.000000
0000000002615,00004.000000
0000000002616,00004.000000
0000000002617,00004.000000
0000000002618,00004.000000
0000000002619,00004.000000
0000000002620,00005.000000
0000000002621,00005.000000
0000000002622,00005.000000
0000000002623,00005.000000
0000000002624,00005.000000
0000000002625,00005.000000
0000000002626,00005.000000
0000000002627,00005.000000
0000000002628,00005.000000
0000000002629,00005.000000
0000000002630,00005.000000
0000000002631,00005.000000
0000000002632,00005.000000
0000000002633,00005.000000
0000000002634,00005.000000
0000000002635,00005.000000
0000000002636,00005.000000
0000000002637,00005.000000
0000000002638,00005.000000
0000000002639,00005.000000
0000000002640,00005.000000
0000000002641,00005.000000
0000000002642,00005.000000
0000000002643,00005.000000
0000000002644,00005.000000
0000000002645,00005.000000
0000000002646,00005.000000
0000000002647,00005.000000
0000000002648,00005.000000
0000000002649,00005.000000
0000000002650,00005.000000
0000000002651,00005.000000
0000000002652,00005.000000
0000000002653,00005.000000
0000000002654,00005.000000
0000000002655,00005.000000
0000000002656,00005.000000
0000000002657,00005.000000
0000000002658,00005.000000
0000000002659,00005.000000
0000000002660,00005.000000
0000000002661,00005.000000
0000000002662,00005.000000
0000000002663,00005.000000
0000000002664,00005.000000
0000000002665,00005.000000
0000000002666,00005.000000
0000000002667,00005.000000
0000000002668,00005.000000
0000000002669,00005.000000
0000000002670,00005.000000
0000000002671,00005.000000
0000000002672,00005.000000
0000000002673,00005.000000
0000000002674,00005.000000
0000000002675,00005.000000
0000000002676,00005.000000
0000000002677,00005.000000
0000000002678,00005.000000
0000000002679,00005.000000
0000000002680,00005.000000
0000000002681,00005.000000
0000000002682,00005.000000
0000000002683,00005.000000
0000000002684,00005.000000
0000000002685,00005.000000
0000000002686,00005.000000
0000000002687,00005.000000
0000000002688,00005.000000
0000000002689,00005.000000
0000000002690,00005.000000
0000000002691,00005.000000
0000000002692,00005.000000
0000000002693,00005.000000
0000000002694,00005.000000
0000000002695,00005.000000
0000000002696,00005.000000
0000000002697,00005.000000
0000000002698,00005.000000
0000000002699,00005.000000
0000000002700,00005.000000
0000000002701,00005.000000
0000000002702,00005.000000
0000000002703,00005.000000
0000000002704,00005.000000
0000000002705,00005.000000
0000000002706,00005.000000
0000000002707,00005.000000
0000000002708,00005.000000
0000000002709,00005.000000
0000000002710,00005.000000
0000000002711,00005.000000
0000000002712,00005.000000
0000000002713,00005.000000
0000000002714,00005.000000
0000000002715,00005.000000
0000000002716,00005.000000
0000000002717,00005.000000
0000000002718,00005.000000
0000000002719,00005.000000
0000000002720,00005.000000
0000000002721,00005.000000
0000000002722,00005.000000
0000000002723,00005.000000
0000000002724,00005.000000
0000000002725,00005.000000
0000000002726,00005.000000
0000000002727,00005.000000
0000000002728,00005.000000
0000000002729,00005.000000
0000000002730,00005.000000
0000000002731,00005.000000
0000000002732,00005.000000
0000000002733,00005.000000
0000000002734,00005.000000
0000000002735,00005.000000
0000000002736,00005.000000
0000000002737,00005.000000
0000000002738,00005.000000
0000000002739,00005.000000
0000000002740,00005.000000
0000000002741,00005.000000
0000000002742,00005.000000
0000000002743,00005.000000
0000000002744,00005.000000
0000000002745,00005.000000
0000000002746,00005.000000
0000000002747,00005.000000
0000000002748,00005.000000
0000000002749,00005.000000
0000000002750,00005.000000
0000000002751,00005.000000
0000000002752,00005.000000
0000000002753,00005.000000
0000000002754,00005.000000
0000000002755,00005.000000
0000000002756,00005.000000
0000000002757,00005.000000
0000000002758,00005.000000
0000000002759,00005.000000
0000000002760,00005.000000
0000000002761,00005.000000
0000000002762,00005.000000
0000000002763,00005.000000
0000000002764,00005.000000
0000000002765,00005.000000
0000000002766,00005.000000
0000000002767,00005.000000
0000000002768,00005.000000
0000000002769,00005.000000
0000000002770,00005.000000
0000000002771,00005.000000
0000000002772,00005.000000
0000000002773,00005.000000
0000000002774,00005.000000
0000000002775,00005.000000
0000000002776,00005.000000
0000000002777,00005.000000
0000000002778,00005.000000
0000000002779,00005.000000
0000000002780,00005.000000
0000000002781,00005.000000
0000000002782,00005.000000
0000000002783,00005.000000
0000000002784,00005.000000
0000000002785,00005.000000
0000000002786,00005.000000
0000000002787,00005.000000
0000000002788,00005.000000
0000000002789,00005.000000
0000000002790,00005.000000
0000000002791,00005.000000
0000000002792,00005.000000
0000000002793,00005.000000
0000000002794,00005.000000
0000000002795,00005.000000
0000000002796,00005.000000
0000000002797,00005.000000
0000000002798,00005.000000
0000000002799,00005.000000
0000000002800,00005.000000
0000000002801,00005.000000
0000000002802,00005.000000
0000000002803,00005.000000
0000000002804,00005.000000
0000000002805,00005.000000
0000000002806,00005.000000
0000000002807,00005.000000
0000000002808,00005.000000
0000000002809,00005.000000
0000000002810,00005.000000
0000000002811,00005.000000
0000000002812,00005.000000
0000000002813,00005.000000
0000000002814,00005.000000
0000000002815,00005.000000
0000000002816,00005.000000
0000000002817,00005.000000
0000000002818,00005.000000
0000000002819,00005.000000
0000000002820,00005.000000
0000000002821,00005.000000
0000000002822,00005.000000
0000000002823,00005.000000
0000000002824,00005.000000
0000000002825,00005.000000
0000000002826,00005.000000
0000000002827,00005.000000
0000000002828,00005.000000
0000000002829,00005.000000
0000000002830,00005.000000
0000000002831,00005.000000
0000000002832,00005.000000
0000000002833,00005.000000
0000000002834,00005.000000
0000000002835,00005.000000
0000000002836,00005.000000
0000000002837,00005.000000
0000000002838,00005.000000
0000000002839,00005.000000
0000000002840,00005.000000
0000000002841,00005.000000
0000000002842,00005.000000
0000000002843,00005.000000
0000000002844,00005.000000
0000000002845,00005.000000
0000000002846,00005.000000
0000000002847,00005.000000
0000000002848,00005.000000
0000000002849,00005.000000
0000000002850,00005.000000
0000000002851,00005.000000
0000000002852,00005.000000
0000000002853,00005.000000
0000000002854,00005.000000
0000000002855,00005.000000
0000000002856,00005.000000
0000000002857,00005.000000
0000000002858,00005.000000
0000000002859,00005.000000
0000000002860,00005.000000
0000000002861,00005.000000
0000000002862,00005.000000
0000000002863,00005.000000
0000000002864,00005.000000
0000000002865,00005.000000
0000000002866,00005.000000
0000000002867,00005.000000
0000000002868,00005.000000
0000000002869,00005.000000
0000000002870,00005.000000
0000000002871,00005.000000
0000000002872,00005.000000
0000000002873,00005.000000
0000000002874,00005.000000
0000000002875,00005.000000
0000000002876,00005.000000
0000000002877,00005.000000
0000000002878,00005.000000
0000000002879,00005.000000
0000000002880,00005.000000
0000000002881,00005.000000
0000000002882,00005.000000
0000000002883,00005.000000
0000000002884,00005.000000
0000000002885,00005.000000
0000000002886,00005.000000
0000000002887,00005.000000
0000000002888,00005.000000
0000000002889,00005.000000
0000000002890,00005.000000
0000000002891,00005.000000
0000000002892,00005.000000
0000000002893,00005.000000
0000000002894,00005.000000
0000000002895,00005.000000
0000000002896,00005.000000
0000000002897,00005.000000
0000000002898,00005.000000
0000000002899,00005.000000
0000000002900,00005.000000
0000000002901,00005.000000
0000000002902,00005.000000
0000000002903,00005.000000
0000000002904,00005.000000
0000000002905,00005.000000
0000000002906,00005.000000
0000000002907,00005.000000
0000000002908,00005.000000
0000000002909,00005.000000
0000000002910,00005.000000
0000000002911,00005.000000
0000000002912,00005.000000
0000000002913,00005.000000
0000000002914,00005.000000
0000000002915,00005.000000
0000000002916,00005.000000
0000000002917,00005.000000
0000000002918,00005.000000
0000000002919,00005.000000
0000000002920,00005.000000
0000000002921,00005.000000
0000000002922,00005.000000
0000000002923,00005.000000
0000000002924,00005.000000
0000000002925,00005.000000
0000000002926,00005.000000
0000000002927,00005.000000
0000000002928,00005.000000
0000000002929,00005.000000
0000000002930,00005.000000
0000000002931,00005.000000
0000000002932,00005.000000
0000000002933,00005.000000
0000000002934,00005.000000
0000000002935,00005.000000
0000000002936,00005.000000
0000000002937,00005.000000
0000000002938,00005.000000
0000000002939,00005.000000
0000000002940,00005.000000
0000000002941,00005.000000
0000000002942,00005.000000
0000000002943,00005.000000
0000000002944,00005.000000
0000000002945,00005.000000
0000000002946,00005.000000
0000000002947,00005.000000
0000000002948,00005.000000
0000000002949,00005.000000
0000000002950,00005.000000
0000000002951,00005.000000
0000000002952,00005.000000
0000000002953,00005.000000
0000000002954,00005.000000
0000000002955,00005.000000
0000000002956,00005.000000
0000000002957,00005.000000
0000000002958,00005.000000
0000000002959,00005.000000
0000000002960,00005.000000
0000000002961,00005.000000
0000000002962,00005.000000
0000000002963,00005.000000
0000000002964,00005.000000
0000000002965,00005.000000
0000000002966,00005.000000
0000000002967,00005.000000
0000000002968,00005.000000
0000000002969,00005.000000
0000000002970,00005.000000
0000000002971,00005.000000
0000000002972,00005.000000
0000000002973,00005.000000
0000000002974,00005.000000
0000000002975,00005.000000
0000000002976,00005.000000
0000000002977,00005.000000
0000000002978,00005.000000
0000000002979,00005.000000
0000000002980,00005.000000
0000000002981,00005.000000
0000000002982,00005.000000
0000000002983,00005.000000
0000000002984,00005.000000
0000000002985,00005.000000
0000000002986,00005.000000
0000000002987,00005.000000
0000000002988,00005.000000
0000000002989,00005.000000
0000000002990,00005.000000
0000000002991,00005.000000
0000000002992,00005.000000
0000000002993,00005.000000
0000000002994,00005.000000
0000000002995,00005.000000
0000000002996,00005.000000
0000000002997,00005.000000
0000000002998,00005.000000
0000000002999,00005.000000
0000000003000,00005.000000
0000000003001,00005.000000
0000000003002,00005.000000
0000000003003,00005.000000
0000000003004,00005.000000
0000000003005,00005.000000
0000000003006,00005.000000
0000000003007,00005.000000
0000000003008,00005.000000
0000000003009,00005.000000
0000000003010,00005.000000
0000000003011,00005.000000
0000000003012,00005.000000
0000000003013,00005.000000
0000000003014,00005.000000
0000000003015,00005.000000
0000000003016,00005.000000
0000000003017,00005.000000
0000000003018,00005.000000
0000000003019,00005.000000
0000000003020,00005.000000
0000000003021,00005.000000
0000000003022,00005.000000
0000000003023,00005.000000
0000000003024,00005.000000
0000000003025,00005.000000
0000000003026,00005.000000
0000000003027,00005.000000
0000000003028,00005.000000
0000000003029,00005.000000
0000000003030,00005.000000
0000000003031,00005.000000
0000000003032,00005.000000
0000000003033,00005.000000
0000000003034,00005.000000
0000000003035,00005.000000
0000000003036,00005.000000
0000000003037,00005.000000
0000000003038,00005.000000
0000000003039,00005.000000
0000000003040,00005.000000
0000000003041,00005.000000
0000000003042,00005.000000
0000000003043,00005.000000
0000000003044,00005.000000
0000000003045,00005.000000
0000000003046,00005.000000
0000000003047,00005.000000
0000000003048,00005.000000
0000000003049,00005.000000
0000000003050,00005.000000
0000000003051,00005.000000
0000000003052,00005.000000
0000000003053,00005.000000
0000000003054,00005.000000
0000000003055,00005.000000
0000000003056,00005.000000
0000000003057,00005.000000
0000000003058,00005.000000
0000000003059,00005.000000
0000000003060,00005.000000
0000000003061,00005.000000
0000000003062,00005.000000
0000000003063,00005.000000
0000000003064,00005.000000
0000000003065,00005.000000
0000000003066,00005.000000
0000000003067,00005.000000
0000000003068,00005.000000
0000000003069,00005.000000
0000000003070,00005.000000
0000000003071,00005.000000
0000000003072,00005.000000
0000000003073,00005.000000
0000000003074,00005.000000
0000000003075,00005.000000
0000000003076,00005.000000
0000000003077,00005.000000
0000000003078,00005.000000
0000000003079,00005.000000
0000000003080,00005.000000
0000000003081,00005.000000
0000000003082,00005.000000
0000000003083,00005.000000
0000000003084,00005.000000
0000000003085,00005.000000
0000000003086,00005.000000
0000000003087,00005.000000
0000000003088,00005.000000
0000000003089,00005.000000
0000000003090,00005.000000
0000000003091,00005.000000
0000000003092,00005.000000
0000000003093,00005.000000
0000000003094,00005.000000
0000000003095,00005.000000
0000000003096,00005.000000
0000000003097,00005.000000
0000000003098,00005.000000
0000000003099,00005.000000
0000000003100,00005.000000
0000000003101,00005.000000
0000000003102,00005.000000
0000000003103,00005.000000
0000000003104,00005.000000
0000000003105,00005.000000
0000000003106,00005.000000
0000000003107,00005.000000
0000000003108,00005.000000
0000000003109,00005.000000
0000000003110,00005.000000
0000000003111,00005.000000
0000000003112,00005.000000
0000000003113,00005.000000
0000000003114,00005.000000
0000000003115,00005.000000
0000000003116,00005.000000
0000000003117,00005.000000
0000000003118,00005.000000
0000000003119,00005.000000
0000000003120,00005.000000
0000000003121,00005.000000
0000000003122,00005.000000
0000000003123,00005.000000
0000000003124,00005.000000
0000000003125,00005.000000
0000000003126,00005.000000
0000000003127,00005.000000
0000000003128,00005.000000
0000000003129,00005.000000
0000000003130,00005.000000
0000000003131,00005.000000
0000000003132,00005.000000
0000000003133,00005.000000
0000000003134,00005.000000
0000000003135,00005.000000
0000000003136,00005.000000
0000000003137,00005.000000
0000000003138,00005.000000
0000000003139,00005.000000
0000000003140,00005.000000
0000000003141,00005.000000
0000000003142,00005.000000
0000000003143,00005.000000
0000000003144,00005.000000
0000000003145,00005.000000
0000000003146,00005.000000
0000000003147,00005.000000
0000000003148,00005.000000
0000000003149,00005.000000
0000000003150,00005.000000
0000000003151,00005.000000
0000000003152,00005.000000
0000000003153,00005.000000
0000000003154,00005.000000
0000000003155,00005.000000
0000000003156,00005.000000
0000000003157,00005.000000
0000000003158,00005.000000
0000000003159,00005.000000
0000000003160,00005.000000
0000000003161,00005.000000
0000000003162,00005.000000
0000000003163,00005.000000
0000000003164,00005.000000
0000000003165,00005.000000
0000000003166,00005.000000
0000000003167,00005.000000
0000000003168,00005.000000
0000000003169,00005.000000
0000000003170,00005.000000
0000000003171,00005.000000
0000000003172,00005.000000
0000000003173,00005.000000
0000000003174,00005.000000
0000000003175,00005.000000
0000000003176,00005.000000
0000000003177,00005.000000
0000000003178,00005.000000
0000000003179,00005.000000
0000000003180,00005.000000
0000000003181,00005.000000
0000000003182,00005.000000
0000000003183,00005.000000
0000000003184,00005.000000
0000000003185,00005.000000
0000000003186,00005.000000
0000000003187,00005.000000
0000000003188,00005.000000
0000000003189,00005.000000
0000000003190,00005.000000
0000000003191,00005.000000
0000000003192,00005.000000
0000000003193,00005.000000
0000000003194,00005.000000
0000000003195,00005.000000
0000000003196,00005.000000
0000000003197,00005.000000
0000000003198,00005.000000
0000000003199,00005.000000
0000000003200,00005.000000
0000000003201,00005.000000
0000000003202,00005.000000
0000000003203,00005.000000
0000000003204,00005.000000
0000000003205,00005.000000
0000000003206,00005.000000
0000000003207,00005.000000
0000000003208,00005.000000
0000000003209,00005.000000
0000000003210,00005.000000
0000000003211,00005.000000
0000000003212,00005.000000
0000000003213,00005.000000
0000000003214,00005.000000
0000000003215,00005.000000
0000000003216,00005.000000
0000000003217,00005.000000
0000000003218,00005.000000
0000000003219,00005.000000
0000000003220,00005.000000
0000000003221,00005.000000
0000000003222,00005.000000
0000000003223,00005.000000
0000000003224,00005.000000
0000000003225,00005.000000
0000000003226,00005.000000
0000000003227,00005.000000
0000000003228,00005.000000
0000000003229,00005.000000
0000000003230,00005.000000
0000000003231,00005.000000
0000000003232,00005.000000
0000000003233,00005.000000
0000000003234,00005.000000
0000000003235,00005.000000
0000000003236,00005.000000
0000000003237,00005.000000
0000000003238,00005.000000
0000000003239,00005.000000
0000000003240,00005.000000
0000000003241,00005.000000
0000000003242,00005.000000
0000000003243,00005.000000
0000000003244,00005.000000
0000000003245,00005.000000
0000000003246,00005.000000
0000000003247,00005.000000
0000000003248,00005.000000
0000000003249,00005.000000
0000000003250,00005.000000
0000000003251,00005.000000
0000000003252,00005.000000
0000000003253,00005.000000
0000000003254,00005.000000
0000000003255,00005.000000
0000000003256,00005.000000
0000000003257,00005.000000
0000000003258,00005.000000
0000000003259,00005.000000
0000000003260,00005.000000
0000000003261,00005.000000
0000000003262,00005.000000
0000000003263,00005.000000
0000000003264,00005.000000
0000000003265,00005.000000
0000000003266,00005.000000
0000000003267,00005.000000
0000000003268,00005.000000
0000000003269,00005.000000
0000000003270,00005.000000
0000000003271,00005.000000
0000000003272,00005.000000
0000000003273,00005.000000
0000000003274,00005.000000
0000000003275,00005.000000
0000000003276,00005.000000
0000000003277,00005.000000
0000000003278,00005.000000
0000000003279,00005.000000
0000000003280,00005.000000
0000000003281,00005.000000
0000000003282,00005.000000
0000000003283,00005.000000
0000000003284,00005.000000
0000000003285,00005.000000
0000000003286,00005.000000
0000000003287,00005.000000
0000000003288,00005.000000
0000000003289,00005.000000
0000000003290,00005.000000
0000000003291,00005.000000
0000000003292,00005.000000
0000000003293,00005.000000
0000000003294,00005.000000
0000000003295,00005.000000
0000000003296,00005.000000
0000000003297,00005.000000
0000000003298,00005.000000
0000000003299,00005.000000
0000000003300,00005.000000
0000000003301,00005.000000
0000000003302,00005.000000
0000000003303,00005.000000
0000000003304,00005.000000
0000000003305,00005.000000
0000000003306,00005.000000
0000000003307,00005.000000
0000000003308,00005.000000
0000000003309,00005.000000
0000000003310,00005.000000
0000000003311,00005.000000
0000000003312,00005.000000
0000000003313,00005.000000
0000000003314,00005.000000
0000000003315,00005.000000
0000000003316,00005.000000
0000000003317,00005.000000
0000000003318,00005.000000
0000000003319,00005.000000
0000000003320,00005.000000
0000000003321,00005.000000
0000000003322,00005.000000
0000000003323,00005.000000
0000000003324,00005.000000
0000000003325,00005.000000
0000000003326,00005.000000
0000000003327,00005.000000
0000000003328,00005.000000
0000000003329,00005.000000
0000000003330,00005.000000
0000000003331,00005.000000
0000000003332,00005.000000
0000000003333,00005.000000
0000000003334,00005.000000
0000000003335,00005.000000
0000000003336,00005.000000
0000000003337,00005.000000
0000000003338,00005.000000
0000000003339,00005.000000
0000000003340,00005.000000
0000000003341,00005.000000
0000000003342,00005.000000
0000000003343,00005.000000
0000000003344,00005.000000
0000000003345,00005.000000
0000000003346,00005.000000
0000000003347,00005.000000
0000000003348,00005.000000
0000000003349,00005.000000
0000000003350,00005.000000
0000000003351,00005.000000
0000000003352,00005.000000
0000000003353,00005.000000
0000000003354,00005.000000
0000000003355,00005.000000
0000000003356,00005.000000
0000000003357,00005.000000
0000000003358,00005.000000
0000000003359,00005.000000
0000000003360,00005.000000
0000000003361,00005.000000
0000000003362,00005.000000
0000000003363,00005.000000
0000000003364,00005.000000
0000000003365,00005.000000
0000000003366,00005.000000
0000000003367,00005.000000
0000000003368,00005.000000
0000000003369,00005.000000
0000000003370,00005.000000
0000000003371,00005.000000
0000000003372,00005.000000
0000000003373,00005.000000
0000000003374,00005.000000
0000000003375,00005.000000
0000000003376,00005.000000
0000000003377,00005.000000
0000000003378,00005.000000
0000000003379,00005.000000
0000000003380,00005.000000
0000000003381,00005.000000
0000000003382,00005.000000
0000000003383,00005.000000
0000000003384,00005.000000
0000000003385,00005.000000
0000000003386,00005.000000
0000000003387,00005.000000
0000000003388,00005.000000
0000000003389,00005.000000
0000000003390,00005.000000
0000000003391,00005.000000
0000000003392,00005.000000
0000000003393,00005.000000
0000000003394,00005.000000
0000000003395,00005.000000
0000000003396,00005.000000
0000000003397,00005.000000
0000000003398,00005.000000
0000000003399,00005.000000
0000000003400,00005.000000
0000000003401,00005.000000
0000000003402,00005.000000
0000000003403,00005.000000
0000000003404,00005.000000
0000000003405,00005.000000
0000000003406,00005.000000
0000000003407,00005.000000
0000000003408,00005.000000
0000000003409,00005.000000
0000000003410,00005.000000
0000000003411,00005.000000
0000000003412,00005.000000
0000000003413,00005.000000
0000000003414,00005.000000
0000000003415,00005.000000
0000000003416,00005.000000
0000000003417,00005.000000
0000000003418,00005.000000
0000000003419,00005.000000
0000000003420,00005.000000
0000000003421,00005.000000
0000000003422,00005.000000
0000000003423,00005.000000
0000000003424,00005.000000
0000000003425,00005.000000
0000000003426,00005.000000
0000000003427,00005.000000
0000000003428,00005.000000
0000000003429,00005.000000
0000000003430,00005.000000
0000000003431,00005.000000
0000000003432,00005.000000
0000000003433,00005.000000
0000000003434,00005.000000
0000000003435,00005.000000
0000000003436,00005.000000
0000000003437,00005.000000
0000000003438,00005.000000
0000000003439,00005.000000
0000000003440,00005.000000
0000000003441,00005.000000
0000000003442,00005.000000
0000000003443,00005.000000
0000000003444,00005.000000
0000000003445,00005.000000
0000000003446,00005.000000
0000000003447,00005.000000
0000000003448,00005.000000
0000000003449,00005.000000
0000000003450,00005.000000
0000000003451,00005.000000
0000000003452,00005.000000
0000000003453,00005.000000
0000000003454,00005.000000
0000000003455,00005.000000
0000000003456,00005.000000
0000000003457,00005.000000
0000000003458,00005.000000
0000000003459,00005.000000
0000000003460,00005.000000
0000000003461,00005.000000
0000000003462,00005.000000
0000000003463,00005.000000
0000000003464,00005.000000
0000000003465,00005.000000
0000000003466,00005.000000
0000000003467,00005.000000
0000000003468,00005.000000
0000000003469,00005.000000
0000000003470,00005.000000
0000000003471,00005.000000
0000000003472,00005.000000
0000000003473,00005.000000
0000000003474,00005.000000
0000000003475,00005.000000
0000000003476,00005.000000
0000000003477,00005.000000
0000000003478,00005.000000
0000000003479,00005.000000
0000000003480,00005.000000
0000000003481,00005.000000
0000000003482,00005.000000
0000000003483,00005.000000
0000000003484,00005.000000
0000000003485,00005.000000
0000000003486,00005.000000
0000000003487,00005.000000
0000000003488,00005.000000
0000000003489,00005.000000
0000000003490,00005.000000
0000000003491,00005.000000
0000000003492,00005.000000
0000000003493,00005.000000
0000000003494,00005.000000
0000000003495,00005.000000
0000000003496,00005.000000
0000000003497,00005.000000
0000000003498,00005.000000
0000000003499,00005.000000
0000000003500,00005.000000
0000000003501,00005.000000
0000000003502,00005.000000
0000000003503,00005.000000
0000000003504,00005.000000
0000000003505,00005.000000
0000000003506,00005.000000
0000000003507,00005.000000
0000000003508,00005.000000
0000000003509,00005.000000
0000000003510,00005.000000
0000000003511,00005.000000
0000000003512,00005.000000
0000000003513,00005.000000
0000000003514,00005.000000
0000000003515,00005.000000
0000000003516,00005.000000
0000000003517,00005.000000
0000000003518,00005.000000
0000000003519,00005.000000
0000000003520,00005.000000
0000000003521,00005.000000
0000000003522,00005.000000
0000000003523,00005.000000
0000000003524,00005.000000
0000000003525,00005.000000
0000000003526,00005.000000
0000000003527,00005.000000
0000000003528,00005.000000
0000000003529,00005.000000
0000000003530,00005.000000
0000000003531,00005.000000
0000000003532,00005.000000
0000000003533,00005.000000
0000000003534,00005.000000
0000000003535,00005.000000
0000000003536,00005.000000
0000000003537,00005.000000
0000000003538,00005.000000
0000000003539,00005.000000
0000000003540,00005.000000
0000000003541,00005.000000
0000000003542,00005.000000
0000000003543,00005.000000
0000000003544,00005.000000
0000000003545,00005.000000
0000000003546,00005.000000
0000000003547,00005.000000
0000000003548,00005.000000
0000000003549,00005.000000
0000000003550,00005.000000
0000000003551,00005.000000
0000000003552,00005.000000
0000000003553,00005.000000
0000000003554,00005.000000
0000000003555,00005.000000
0000000003556,00005.000000
0000000003557,00005.000000
0000000003558,00005.000000
0000000003559,00005.000000
0000000003560,00005.000000
0000000003561,00005.000000
0000000003562,00005.000000
0000000003563,00005.000000
0000000003564,00005.000000
0000000003565,00005.000000
0000000003566,00005.000000
0000000003567,00005.000000
0000000003568,00005.000000
0000000003569,00005.000000
0000000003570,00005.000000
0000000003571,00005.000000
0000000003572,00005.000000
0000000003573,00005.000000
0000000003574,00005.000000
0000000003575,00005.000000
0000000003576,00005.000000
0000000003577,00005.000000
0000000003578,00005.000000
0000000003579,00005.000000
0000000003580,00005.000000
0000000003581,00005.000000
0000000003582,00005.000000
0000000003583,00005.000000
0000000003584,00005.000000
0000000003585,00005.000000
0000000003586,00005.000000
0000000003587,00005.000000
0000000003588,00005.000000
0000000003589,00005.000000
0000000003590,00005.000000
0000000003591,00005.000000
0000000003592,00005.000000
0000000003593,00005.000000
0000000003594,00005.000000
0000000003595,00005.000000
0000000003596,00005.000000
0000000003597,00005.000000
0000000003598,00005.000000
0000000003599,00005.000000
0000000003600,00005.000000
0000000003601,00005.000000
0000000003602,00005.000000
0000000003603,00005.000000
0000000003604,00005.000000
0000000003605,00005.000000
0000000003606,00005.000000
0000000003607,00005.000000
0000000003608,00005.000000
0000000003609,00005.000000
0000000003610,00005.000000
0000000003611,00005.000000
0000000003612,00005.000000
0000000003613,00005.000000
0000000003614,00005.000000
0000000003615,00005.000000
0000000003616,00005.000000
0000000003617,00005.000000
0000000003618,00005.000000
0000000003619,00005.000000
0000000003620,00005.000000
0000000003621,00005.000000
0000000003622,00005.000000
0000000003623,00005.000000
0000000003624,00005.000000
0000000003625,00005.000000
0000000003626,00005.000000
0000000003627,00005.000000
0000000003628,00005.000000
0000000003629,00005.000000
0000000003630,00005.000000
0000000003631,00005.000000
0000000003632,00005.000000
0000000003633,00005.000000
0000000003634,00005.000000
0000000003635,00005.000000
0000000003636,00005.000000
0000000003637,00005.000000
0000000003638,00005.000000
0000000003639,00005.000000
0000000003640,00005.000000
0000000003641,00005.000000
0000000003642,00005.000000
0000000003643,00005.000000
0000000003644,00005.000000
0000000003645,00005.000000
0000000003646,00005.000000
0000000003647,00005.000000
0000000003648,00005.000000
0000000003649,00005.000000
0000000003650,00005.000000
0000000003651,00005.000000
0000000003652,00005.000000
0000000003653,00005.000000
0000000003654,00005.000000
0000000003655,00005.000000
0000000003656,00005.000000
0000000003657,00005.000000
0000000003658,00005.000000
0000000003659,00005.000000
0000000003660,00005.000000
0000000003661,00005.000000
0000000003662,00005.000000
0000000003663,00005.000000
0000000003664,00005.000000
0000000003665,00005.000000
0000000003666,00005.000000
0000000003667,00005.000000
0000000003668,00005.000000
0000000003669,00005.000000
0000000003670,00005.000000
0000000003671,00005.000000
0000000003672,00005.000000
0000000003673,00005.000000
0000000003674,00005.000000
0000000003675,00005.000000
0000000003676,00005.000000
0000000003677,00005.000000
0000000003678,00005.000000
0000000003679,00005.000000
0000000003680,00005.000000
0000000003681,00005.000000
0000000003682,00005.000000
0000000003683,00005.000000
0000000003684,00005.000000
0000000003685,00005.000000
0000000003686,00005.000000
0000000003687,00005.000000
0000000003688,00005.000000
0000000003689,00005.000000
0000000003690,00005.000000
0000000003691,00005.000000
0000000003692,00005.000000
0000000003693,00005.000000
0000000003694,00005.000000
0000000003695,00005.000000
0000000003696,00005.000000
0000000003697,00005.000000
0000000003698,00005.000000
0000000003699,00005.000000
0000000003700,00005.000000
0000000003701,00005.000000
0000000003702,00005.000000
0000000003703,00005.000000
0000000003704,00005.000000
0000000003705,00005.000000
0000000003706,00005.000000
0000000003707,00005.000000
0000000003708,00005.000000
0000000003709,00005.000000
0000000003710,00005.000000
0000000003711,00005.000000
0000000003712,00005.000000
0000000003713,00005.000000
0000000003714,00005.000000
0000000003715,00005.000000
0000000003716,00005.000000
0000000003717,00005.000000
0000000003718,00005.000000
0000000003719,00005.000000
0000000003720,00005.000000
0000000003721,00005.000000
0000000003722,00005.000000
0000000003723,00005.000000
0000000003724,00005.000000
0000000003725,00005.000000
0000000003726,00005.000000
0000000003727,00005.000000
0000000003728,00005.000000
0000000003729,00005.000000
0000000003730,00005.000000
0000000003731,00005.000000
0000000003732,00005.000000
0000000003733,00005.000000
0000000003734,00005.000000
0000000003735,00005.000000
0000000003736,00005.000000
0000000003737,00005.000000
0000000003738,00005.000000
0000000003739,00005.000000
0000000003740,00005.000000
0000000003741,00005.000000
0000000003742,00005.000000
0000000003743,00005.000000
0000000003744,00005.000000
0000000003745,00005.000000
0000000003746,00005.000000
0000000003747,00005.000000
0000000003748,00005.000000
0000000003749,00005.000000
0000000003750,00005.000000
0000000003751,00005.000000
0000000003752,00005.000000
0000000003753,00005.000000
0000000003754,00005.000000
0000000003755,00005.000000
0000000003756,00005.000000
0000000003757,00005.000000
0000000003758,00005.000000
0000000003759,00005.000000
0000000003760,00005.000000
0000000003761,00005.000000
0000000003762,00005.000000
0000000003763,00005.000000
0000000003764,00005.000000
0000000003765,00005.000000
0000000003766,00005.000000
0000000003767,00005.000000
0000000003768,00005.000000
0000000003769,00005.000000
0000000003770,00005.000000
0000000003771,00005.000000
0000000003772,00005.000000
0000000003773,00005.000000
0000000003774,00005.000000
0000000003775,00005.000000
0000000003776,00005.000000
0000000003777,00005.000000
0000000003778,00005.000000
0000000003779,00005.000000
0000000003780,00005.000000
0000000003781,00005.000000
0000000003782,00005.000000
0000000003783,00005.000000
0000000003784,00005.000000
0000000003785,00005.000000
0000000003786,00005.000000
0000000003787,00005.000000
0000000003788,00005.000000
0000000003789,00005.000000
0000000003790,00005.000000
0000000003791,00005.000000
0000000003792,00005.000000
0000000003793,00005.000000
0000000003794,00005.000000
0000000003795,00005.000000
0000000003796,00005.000000
0000000003797,00005.000000
0000000003798,00005.000000
0000000003799,00005.000000
0000000003800,00005.000000
0000000003801,00005.000000
0000000003802,00005.000000
0000000003803,00005.000000
0000000003804,00005.000000
0000000003805,00005.000000
0000000003806,00005.000000
0000000003807,00005.000000
0000000003808,00005.000000
0000000003809,00005.000000
0000000003810,00005.000000
0000000003811,00005.000000
0000000003812,00005.000000
0000000003813,00005.000000
0000000003814,00005.000000
0000000003815,00005.000000
0000000003816,00005.000000
0000000003817,00005.000000
0000000003818,00005.000000
0000000003819,00005.000000
0000000003820,00005.000000
0000000003821,00005.000000
0000000003822,00005.000000
0000000003823,00005.000000
0000000003824,00005.000000
0000000003825,00005.000000
0000000003826,00005.000000
0000000003827,00005.000000
0000000003828,00005.000000
0000000003829,00005.000000
0000000003830,00005.000000
0000000003831,00005.000000
0000000003832,00005.000000
0000000003833,00005.000000
0000000003834,00005.000000
0000000003835,00005.000000
0000000003836,00005.000000
0000000003837,00005.000000
0000000003838,00005.000000
0000000003839,00005.000000
0000000003840,00005.000000
0000000003841,00005.000000
0000000003842,00005.000000
0000000003843,00005.000000
0000000003844,00005.000000
0000000003845,00005.000000
0000000003846,00005.000000
0000000003847,00005.000000
0000000003848,00005.000000
0000000003849,00005.000000
0000000003850,00005.000000
0000000003851,00005.000000
0000000003852,00005.000000
0000000003853,00005.000000
0000000003854,00005.000000
0000000003855,00005.000000
0000000003856,00005.000000
0000000003857,00005.000000
0000000003858,00005.000000
0000000003859,00005.000000
0000000003860,00005.000000
0000000003861,00005.000000
0000000003862,00005.000000
0000000003863,00005.000000
0000000003864,00005.000000
0000000003865,00005.000000
0000000003866,00005.000000
0000000003867,00005.000000
0000000003868,00005.000000
0000000003869,00005.000000
0000000003870,00005.000000
0000000003871,00005.000000
0000000003872,00005.000000
0000000003873,00005.000000
0000000003874,00005.000000
0000000003875,00005.000000
0000000003876,00005.000000
0000000003877,00005.000000
0000000003878,00005.000000
0000000003879,00005.000000
0000000003880,00005.000000
0000000003881,00005.000000
0000000003882,00005.000000
0000000003883,00005.000000
0000000003884,00005.000000
0000000003885,00005.000000
0000000003886,00005.000000
0000000003887,00005.000000
0000000003888,00005.000000
0000000003889,00005.000000
0000000003890,00005.000000
0000000003891,00005.000000
0000000003892,00005.000000
0000000003893,00005.000000
0000000003894,00005.000000
0000000003895,00005.000000
0000000003896,00005.000000
0000000003897,00005.000000
0000000003898,00005.000000
0000000003899,00005.000000
0000000003900,00005.000000
0000000003901,00005.000000
0000000003902,00005.000000
0000000003903,00005.000000
0000000003904,00005.000000
0000000003905,00005.000000
0000000003906,00005.000000
0000000003907,00005.000000
0000000003908,00005.000000
0000000003909,00005.000000
0000000003910,00005.000000
0000000003911,00005.000000
0000000003912,00005.000000
0000000003913,00005.000000
0000000003914,00005.000000
0000000003915,00005.000000
0000000003916,00005.000000
0000000003917,00005.000000
0000000003918,00005.000000
0000000003919,00005.000000
0000000003920,00005.000000
0000000003921,00005.000000
0000000003922,00005.000000
0000000003923,00005.000000
0000000003924,00005.000000
0000000003925,00005.000000
0000000003926,00005.000000
0000000003927,00005.000000
0000000003928,00005.000000
0000000003929,00005.000000
0000000003930,00005.000000
0000000003931,00005.000000
0000000003932,00005.000000
0000000003933,00005.000000
0000000003934,00005.000000
0000000003935,00005.000000
0000000003936,00005.000000
0000000003937,00005.000000
0000000003938,00005.000000
0000000003939,00005.000000
0000000003940,00005.000000
0000000003941,00005.000000
0000000003942,00005.000000
0000000003943,00005.000000
0000000003944,00005.000000
0000000003945,00005.000000
0000000003946,00005.000000
0000000003947,00005.000000
0000000003948,00005.000000
0000000003949,00005.000000
0000000003950,00005.000000
0000000003951,00005.000000
0000000003952,00005.000000
0000000003953,00005.000000
0000000003954,00005.000000
0000000003955,00005.000000
0000000003956,00005.000000
0000000003957,00005.000000
0000000003958,00005.000000
0000000003959,00005.000000
0000000003960,00005.000000
0000000003961,00005.000000
0000000003962,00005.000000
0000000003963,00005.000000
0000000003964,00005.000000
0000000003965,00005.000000
0000000003966,00005.000000
0000000003967,00005.000000
0000000003968,00005.000000
0000000003969,00005.000000
0000000003970,00005.000000
0000000003971,00005.000000
0000000003972,00005.000000
0000000003973,00005.000000
0000000003974,00005.000000
0000000003975,00005.000000
0000000003976,00005.000000
0000000003977,00005.000000
0000000003978,00005.000000
0000000003979,00005.000000
0000000003980,00005.000000
0000000003981,00005.000000
0000000003982,00005.000000
0000000003983,00005.000000
0000000003984,00005.000000
0000000003985,00005.000000
0000000003986,00005.000000
0000000003987,00005.000000
0000000003988,00005.000000
0000000003989,00005.000000
0000000003990,00005.000000
0000000003991,00005.000000
0000000003992,00005.000000
0000000003993,00005.000000
0000000003994,00005.000000
0000000003995,00005.000000
0000000003996,00005.000000
0000000003997,00005.000000
0000000003998,00005.000000
0000000003999,00005.000000
0000000004000,00005.000000
0000000004001,00005.000000
0000000004002,00005.000000
0000000004003,00005.000000
0000000004004,00005.000000
0000000004005,00005.000000
0000000004006,00005.000000
0000000004007,00005.000000
0000000004008,00005.000000
0000000004009,00005.000000
0000000004010,00005.000000
0000000004011,00005.000000
0000000004012,00005.000000
0000000004013,00005.000000
0000000004014,00005.000000
0000000004015,00005.000000
0000000004016,00005.000000
0000000004017,00005.000000
0000000004018,00005.000000
0000000004019,00005.000000
0000000004020,00005.000000
0000000004021,00005.000000
0000000004022,00005.000000
0000000004023,00005.000000
0000000004024,00005.000000
0000000004025,00005.000000
0000000004026,00005.000000
0000000004027,00005.000000
0000000004028,00005.000000
0000000004029,00005.000000
0000000004030,00005.000000
0000000004031,00005.000000
0000000004032,00005.000000
0000000004033,00005.000000
0000000004034,00005.000000
0000000004035,00005.000000
0000000004036,00005.000000
0000000004037,00005.000000
0000000004038,00005.000000
0000000004039,00005.000000
0000000004040,00005.000000
0000000004041,00005.000000
0000000004042,00005.000000
0000000004043,00005.000000
0000000004044,00005.000000
0000000004045,00005.000000
0000000004046,00005.000000
0000000004047,00005.000000
0000000004048,00005.000000
0000000004049,00005.000000
0000000004050,00005.000000
0000000004051,00005.000000
0000000004052,00005.000000
0000000004053,00005.000000
0000000004054,00005.000000
0000000004055,00005.000000
0000000004056,00005.000000
0000000004057,00005.000000
0000000004058,00005.000000
0000000004059,00005.000000
0000000004060,00005.000000
0000000004061,00005.000000
0000000004062,00005.000000
0000000004063,00005.000000
0000000004064,00005.000000
0000000004065,00005.000000
0000000004066,00005.000000
0000000004067,00005.000000
0000000004068,00005.000000
0000000004069,00005.000000
0000000004070,00005.000000
0000000004071,00005.000000
0000000004072,00005.000000
0000000004073,00005.000000
0000000004074,00005.000000
0000000004075,00005.000000
0000000004076,00005.000000
0000000004077,00005.000000
0000000004078,00005.000000
0000000004079,00005.000000
0000000004080,00005.000000
0000000004081,00005.000000
0000000004082,00005.000000
0000000004083,00005.000000
0000000004084,00005.000000
0000000004085,00005.000000
0000000004086,00005.000000
0000000004087,00005.000000
0000000004088,00005.000000
0000000004089,00005.000000
0000000004090,00005.000000
0000000004091,00005.000000
0000000004092,00005.000000
0000000004093,00005.000000
0000000004094,00005.000000
0000000004095,00005.000000
0000000004096,00005.000000
0000000004097,00005.000000
0000000004098,00005.000000
0000000004099,00005.000000
0000000004100,00005.000000
0000000004101,00005.000000
0000000004102,00005.000000
0000000004103,00005.000000
0000000004104,00005.000000
0000000004105,00005.000000
0000000004106,00005.000000
0000000004107,00005.000000
0000000004108,00005.000000
0000000004109,00005.000000
0000000004110,00005.000000
0000000004111,00005.000000
0000000004112,00005.000000
0000000004113,00005.000000
0000000004114,00005.000000
0000000004115,00005.000000
0000000004116,00005.000000
0000000004117,00005.000000
0000000004118,00005.000000
0000000004119,00005.000000
0000000004120,00005.000000
0000000004121,00005.000000
0000000004122,00005.000000
0000000004123,00005.000000
0000000004124,00005.000000
0000000004125,00005.000000
0000000004126,00005.000000
0000000004127,00005.000000
0000000004128,00005.000000
0000000004129,00005.000000
0000000004130,00005.000000
0000000004131,00005.000000
0000000004132,00005.000000
0000000004133,00005.000000
0000000004134,00005.000000
0000000004135,00005.000000
0000000004136,00005.000000
0000000004137,00005.000000
0000000004138,00005.000000
0000000004139,00005.000000
0000000004140,00005.000000
0000000004141,00005.000000
0000000004142,00005.000000
0000000004143,00005.000000
0000000004144,00005.000000
0000000004145,00005.000000
0000000004146,00005.000000
0000000004147,00005.000000
0000000004148,00005.000000
0000000004149,00005.000000
0000000004150,00005.000000
0000000004151,00005.000000
0000000004152,00005.000000
0000000004153,00005.000000
0000000004154,00005.000000
0000000004155,00005.000000
0000000004156,00005.000000
0000000004157,00005.000000
0000000004158,00005.000000
0000000004159,00005.000000
0000000004160,00005.000000
0000000004161,00005.000000
0000000004162,00005.000000
0000000004163,00005.000000
0000000004164,00005.000000
0000000004165,00005.000000
0000000004166,00005.000000
0000000004167,00005.000000
0000000004168,00005.000000
0000000004169,00005.000000
0000000004170,00005.000000
0000000004171,00005.000000
0000000004172,00005.000000
0000000004173,00005.000000
0000000004174,00005.000000
0000000004175,00005.000000
0000000004176,00005.000000
0000000004177,00005.000000
0000000004178,00005.000000
0000000004179,00005.000000
0000000004180,00005.000000
0000000004181,00005.000000
0000000004182,00005.000000
0000000004183,00005.000000
0000000004184,00005.000000
0000000004185,00005.000000
0000000004186,00005.000000
0000000004187,00005.000000
0000000004188,00005.000000
0000000004189,00005.000000
0000000004190,00005.000000
0000000004191,00005.000000
0000000004192,00005.000000
0000000004193,00005.000000
0000000004194,00005.000000
0000000004195,00005.000000
0000000004196,00005.000000
0000000004197,00005.000000
0000000004198,00005.000000
0000000004199,00005.000000
0000000004200,00005.000000
0000000004201,00005.000000
0000000004202,00005.000000
0000000004203,00005.000000
0000000004204,00005.000000
0000000004205,00005.000000
0000000004206,00005.000000
0000000004207,00005.000000
0000000004208,00005.000000
0000000004209,00005.000000
0000000004210,00005.000000
0000000004211,00005.000000
0000000004212,00005.000000
0000000004213,00005.000000
0000000004214,00005.000000
0000000004215,00005.000000
0000000004216,00005.000000
0000000004217,00005.000000
0000000004218,00005.000000
0000000004219,00005.000000
0000000004220,00005.000000
0000000004221,00005.000000
0000000004222,00005.000000
0000000004223,00005.000000
0000000004224,00005.000000
0000000004225,00005.000000
0000000004226,00005.000000
0000000004227,00005.000000
0000000004228,00005.000000
0000000004229,00005.000000
0000000004230,00005.000000
0000000004231,00005.000000
0000000004232,00005.000000
0000000004233,00005.000000
0000000004234,00005.000000
0000000004235,00005.000000
0000000004236,00005.000000
0000000004237,00005.000000
0000000004238,00005.000000
0000000004239,00005.000000
0000000004240,00005.000000
0000000004241,00005.000000
0000000004242,00005.000000
0000000004243,00005.000000
0000000004244,00005.000000
0000000004245,00005.000000
0000000004246,00005.000000
0000000004247,00005.000000
0000000004248,00005.000000
0000000004249,00005.000000
0000000004250,00005.000000
0000000004251,00005.000000
0000000004252,00005.000000
0000000004253,00005.000000
0000000004254,00005.000000
0000000004255,00005.000000
0000000004256,00005.000000
0000000004257,00005.000000
0000000004258,00005.000000
0000000004259,00005.000000
0000000004260,00005.000000
0000000004261,00005.000000
0000000004262,00005.000000
0000000004263,00005.000000
0000000004264,00005.000000
0000000004265,00005.000000
0000000004266,00005.000000
0000000004267,00005.000000
0000000004268,00005.000000
0000000004269,00005.000000
0000000004270,00005.000000
0000000004271,00005.000000
0000000004272,00005.000000
0000000004273,00005.000000
0000000004274,00005.000000
0000000004275,00005.000000
0000000004276,00005.000000
0000000004277,00005.000000
0000000004278,00005.000000
0000000004279,00005.000000
0000000004280,00005.000000
0000000004281,00005.000000
0000000004282,00005.000000
0000000004283,00005.000000
0000000004284,00005.000000
0000000004285,00005.000000
0000000004286,00005.000000
0000000004287,00005.000000
0000000004288,00005.000000
0000000004289,00005.000000
0000000004290,00005.000000
0000000004291,00005.000000
0000000004292,00005.000000
0000000004293,00005.000000
0000000004294,00005.000000
0000000004295,00005.000000
0000000004296,00005.000000
0000000004297,00005.000000
0000000004298,00005.000000
0000000004299,00005.000000
0000000004300,00005.000000
0000000004301,00005.000000
0000000004302,00005.000000
0000000004303,00005.000000
0000000004304,00005.000000
0000000004305,00005.000000
0000000004306,00005.000000
0000000004307,00005.000000
0000000004308,00005.000000
0000000004309,00005.000000
0000000004310,00005.000000
0000000004311,00005.000000
0000000004312,00005.000000
0000000004313,00005.000000
0000000004314,00005.000000
0000000004315,00005.000000
0000000004316,00005.000000
0000000004317,00005.000000
0000000004318,00005.000000
0000000004319,00005.000000
0000000004320,00005.000000
0000000004321,00005.000000
0000000004322,00005.000000
0000000004323,00005.000000
0000000004324,00005.000000
0000000004325,00005.000000
0000000004326,00005.000000
0000000004327,00005.000000
0000000004328,00005.000000
0000000004329,00005.000000
0000000004330,00005.000000
0000000004331,00005.000000
0000000004332,00005.000000
0000000004333,00005.000000
0000000004334,00005.000000
0000000004335,00005.000000
0000000004336,00005.000000
0000000004337,00005.000000
0000000004338,00005.000000
0000000004339,00005.000000
0000000004340,00005.000000
0000000004341,00005.000000
0000000004342,00005.000000
0000000004343,00005.000000
0000000004344,00005.000000
0000000004345,00005.000000
0000000004346,00005.000000
0000000004347,00005.000000
0000000004348,00005.000000
0000000004349,00005.000000
0000000004350,00005.000000
0000000004351,00005.000000
0000000004352,00005.000000
0000000004353,00005.000000
0000000004354,00005.000000
0000000004355,00005.000000
0000000004356,00005.000000
0000000004357,00005.000000
0000000004358,00005.000000
0000000004359,00005.000000
0000000004360,00005.000000
0000000004361,00005.000000
0000000004362,00005.000000
0000000004363,00005.000000
0000000004364,00005.000000
0000000004365,00005.000000
0000000004366,00005.000000
0000000004367,00005.000000
0000000004368,00005.000000
0000000004369,00005.000000
0000000004370,00005.000000
0000000004371,00005.000000
0000000004372,00005.000000
0000000004373,00005.000000
0000000004374,00005.000000
0000000004375,00005.000000
0000000004376,00005.000000
0000000004377,00005.000000
0000000004378,00005.000000
0000000004379,00005.000000
0000000004380,00005.000000
0000000004381,00005.000000
0000000004382,00005.000000
0000000004383,00005.000000
0000000004384,00005.000000
0000000004385,00005.000000
0000000004386,00005.000000
0000000004387,00005.000000
0000000004388,00005.000000
0000000004389,00005.000000
0000000004390,00005.000000
0000000004391,00005.000000
0000000004392,00005.000000
0000000004393,00005.000000
0000000004394,00005.000000
0000000004395,00005.000000
0000000004396,00005.000000
0000000004397,00005.000000
0000000004398,00005.000000
0000000004399,00005.000000
0000000004400,00005.000000
0000000004401,00005.000000
0000000004402,00005.000000
0000000004403,00005.000000
0000000004404,00005.000000
0000000004405,00005.000000
0000000004406,00005.000000
0000000004407,00005.000000
0000000004408,00005.000000
0000000004409,00005.000000
0000000004410,00005.000000
0000000004411,00005.000000
0000000004412,00005.000000
0000000004413,00005.000000
0000000004414,00005.000000
0000000004415,00005.000000
0000000004416,00005.000000
0000000004417,00005.000000
0000000004418,00005.000000
0000000004419,00005.000000
0000000004420,00005.000000
0000000004421,00005.000000
0000000004422,00005.000000
0000000004423,00005.000000
0000000004424,00005.000000
0000000004425,00005.000000
0000000004426,00005.000000
0000000004427,00005.000000
0000000004428,00005.000000
0000000004429,00005.000000
0000000004430,00005.000000
0000000004431,00005.000000
0000000004432,00005.000000
0000000004433,00005.000000
0000000004434,00005.000000
0000000004435,00005.000000
0000000004436,00005.000000
0000000004437,00005.000000
0000000004438,00005.000000
0000000004439,00005.000000
0000000004440,00005.000000
0000000004441,00005.000000
0000000004442,00005.000000
0000000004443,00005.000000
0000000004444,00005.000000
0000000004445,00005.000000
0000000004446,00005.000000
0000000004447,00005.000000
0000000004448,00005.000000
0000000004449,00005.000000
0000000004450,00005.000000
0000000004451,00005.000000
0000000004452,00005.000000
0000000004453,00005.000000
0000000004454,00005.000000
0000000004455,00005.000000
0000000004456,00005.000000
0000000004457,00005.000000
0000000004458,00005.000000
0000000004459,00005.000000
0000000004460,00005.000000
0000000004461,00005.000000
0000000004462,00005.000000
0000000004463,00005.000000
0000000004464,00005.000000
0000000004465,00005.000000
0000000004466,00005.000000
0000000004467,00005.000000
0000000004468,00005.000000
0000000004469,00005.000000
0000000004470,00005.000000
0000000004471,00005.000000
0000000004472,00005.000000
0000000004473,00005.000000
0000000004474,00005.000000
0000000004475,00005.000000
0000000004476,00005.000000
0000000004477,00005.000000
0000000004478,00005.000000
0000000004479,00005.000000
0000000004480,00005.000000
0000000004481,00005.000000
0000000004482,00005.000000
0000000004483,00005.000000
0000000004484,00005.000000
0000000004485,00005.000000
0000000004486,00005.000000
0000000004487,00005.000000
0000000004488,00005.000000
0000000004489,00005.000000
0000000004490,00005.000000
0000000004491,00005.000000
0000000004492,00005.000000
0000000004493,00005.000000
0000000004494,00005.000000
0000000004495,00005.000000
0000000004496,00005.000000
0000000004497,00005.000000
0000000004498,00005.000000
0000000004499,00005.000000
0000000004500,00005.000000
0000000004501,00005.000000
0000000004502,00005.000000
0000000004503,00005.000000
0000000004504,00005.000000
0000000004505,00005.000000
0000000004506,00005.000000
0000000004507,00005.000000
0000000004508,00005.000000
0000000004509,00005.000000
0000000004510,00005.000000
0000000004511,00005.000000
0000000004512,00005.000000
0000000004513,00005.000000
0000000004514,00005.000000
0000000004515,00005.000000
0000000004516,00005.000000
0000000004517,00005.000000
0000000004518,00005.000000
0000000004519,00005.000000
0000000004520,00005.000000
0000000004521,00005.000000
0000000004522,00005.000000
0000000004523,00005.000000
0000000004524,00005.000000
0000000004525,00005.000000
0000000004526,00005.000000
0000000004527,00005.000000
0000000004528,00005.000000
0000000004529,00005.000000
0000000004530,00005.000000
0000000004531,00005.000000
0000000004532,00005.000000
0000000004533,00005.000000
0000000004534,00005.000000
0000000004535,00005.000000
0000000004536,00005.000000
0000000004537,00005.000000
0000000004538,00005.000000
0000000004539,00005.000000
0000000004540,00005.000000
0000000004541,00005.000000
0000000004542,00005.000000
0000000004543,00005.000000
0000000004544,00005.000000
0000000004545,00005.000000
0000000004546,00005.000000
0000000004547,00005.000000
0000000004548,00005.000000
0000000004549,00005.000000
0000000004550,00005.000000
0000000004551,00005.000000
0000000004552,00005.000000
0000000004553,00005.000000
0000000004554,00005.000000
0000000004555,00005.000000
0000000004556,00005.000000
0000000004557,00005.000000
0000000004558,00005.000000
0000000004559,00005.000000
0000000004560,00005.000000
0000000004561,00005.000000
0000000004562,00005.000000
0000000004563,00005.000000
0000000004564,00005.000000
0000000004565,00005.000000
0000000004566,00005.000000
0000000004567,00005.000000
0000000004568,00005.000000
0000000004569,00005.000000
0000000004570,00005.000000
0000000004571,00005.000000
0000000004572,00005.000000
0000000004573,00005.000000
0000000004574,00005.000000
0000000004575,00005.000000
0000000004576,00005.000000
0000000004577,00005.000000
0000000004578,00005.000000
0000000004579,00005.000000
0000000004580,00005.000000
0000000004581,00005.000000
0000000004582,00005.000000
0000000004583,00005.000000
0000000004584,00005.000000
0000000004585,00005.000000
0000000004586,00005.000000
0000000004587,00005.000000
0000000004588,00005.000000
0000000004589,00005.000000
0000000004590,00005.000000
0000000004591,00005.000000
0000000004592,00005.000000
0000000004593,00005.000000
0000000004594,00005.000000
0000000004595,00005.000000
0000000004596,00005.000000
0000000004597,00005.000000
0000000004598,00005.000000
0000000004599,00005.000000
0000000004600,00005.000000
0000000004601,00005.000000
0000000004602,00005.000000
0000000004603,00005.000000
0000000004604,00005.000000
0000000004605,00005.000000
0000000004606,00005.000000
0000000004607,00005.000000
0000000004608,00005.000000
0000000004609,00005.000000
0000000004610,00005.000000
0000000004611,00005.000000
0000000004612,00005.000000
0000000004613,00005.000000
0000000004614,00005.000000
0000000004615,00005.000000
0000000004616,00005.000000
0000000004617,00005.000000
0000000004618,00005.000000
0000000004619,00005.000000
0000000004620,00005.000000
0000000004621,00005.000000
0000000004622,00005.000000
0000000004623,00005.000000
0000000004624,00005.000000
0000000004625,00005.000000
0000000004626,00005.000000
0000000004627,00005.000000
0000000004628,00005.000000
0000000004629,00005.000000
0000000004630,00005.000000
0000000004631,00005.000000
0000000004632,00005.000000
0000000004633,00005.000000
0000000004634,00005.000000
0000000004635,00005.000000
0000000004636,00005.000000
0000000004637,00005.000000
0000000004638,00005.000000
0000000004639,00005.000000
0000000004640,00005.000000
0000000004641,00005.000000
0000000004642,00005.000000
0000000004643,00005.000000
0000000004644,00005.000000
0000000004645,00005.000000
0000000004646,00005.000000
0000000004647,00005.000000
0000000004648,00005.000000
0000000004649,00005.000000
0000000004650,00005.000000
0000000004651,00005.000000
0000000004652,00005.000000
0000000004653,00005.000000
0000000004654,00005.000000
0000000004655,00005.000000
0000000004656,00005.000000
0000000004657,00005.000000
0000000004658,00005.000000
0000000004659,00005.000000
0000000004660,00005.000000
0000000004661,00005.000000
0000000004662,00005.000000
0000000004663,00005.000000
0000000004664,00005.000000
0000000004665,00005.000000
0000000004666,00005.000000
0000000004667,00005.000000
0000000004668,00005.000000
0000000004669,00005.000000
0000000004670,00005.000000
0000000004671,00005.000000
0000000004672,00005.000000
0000000004673,00005.000000
0000000004674,00005.000000
0000000004675,00005.000000
0000000004676,00005.000000
0000000004677,00005.000000
0000000004678,00005.000000
0000000004679,00005.000000
0000000004680,00005.000000
0000000004681,00005.000000
0000000004682,00005.000000
0000000004683,00005.000000
0000000004684,00005.000000
0000000004685,00005.000000
0000000004686,00005.000000
0000000004687,00005.000000
0000000004688,00005.000000
0000000004689,00005.000000
0000000004690,00005.000000
0000000004691,00005.000000
0000000004692,00005.000000
0000000004693,00005.000000
0000000004694,00005.000000
0000000004695,00005.000000
0000000004696,00005.000000
0000000004697,00005.000000
0000000004698,00005.000000
0000000004699,00005.000000
0000000004700,00005.000000
0000000004701,00005.000000
0000000004702,00005.000000
0000000004703,00005.000000
0000000004704,00005.000000
0000000004705,00005.000000
0000000004706,00005.000000
0000000004707,00005.000000
0000000004708,00005.000000
0000000004709,00005.000000
0000000004710,00005.000000
0000000004711,00005.000000
0000000004712,00005.000000
0000000004713,00005.000000
0000000004714,00005.000000
0000000004715,00005.000000
0000000004716,00005.000000
0000000004717,00005.000000
0000000004718,00005.000000
0000000004719,00005.000000
0000000004720,00005.000000
0000000004721,00005.000000
0000000004722,00005.000000
0000000004723,00005.000000
0000000004724,00005.000000
0000000004725,00005.000000
0000000004726,00005.000000
0000000004727,00005.000000
0000000004728,00005.000000
0000000004729,00005.000000
0000000004730,00005.000000
0000000004731,00005.000000
0000000004732,00005.000000
0000000004733,00005.000000
0000000004734,00005.000000
0000000004735,00005.000000
0000000004736,00005.000000
0000000004737,00005.000000
0000000004738,00005.000000
0000000004739,00005.000000
0000000004740,00005.000000
0000000004741,00005.000000
0000000004742,00005.000000
0000000004743,00005.000000
0000000004744,00005.000000
0000000004745,00005.000000
0000000004746,00005.000000
0000000004747,00005.000000
0000000004748,00005.000000
0000000004749,00005.000000
0000000004750,00005.000000
0000000004751,00005.000000
0000000004752,00005.000000
0000000004753,00005.000000
0000000004754,00005.000000
0000000004755,00005.000000
0000000004756,00005.000000
0000000004757,00005.000000
0000000004758,00005.000000
0000000004759,00005.000000
0000000004760,00005.000000
0000000004761,00005.000000
0000000004762,00005.000000
0000000004763,00005.000000
0000000004764,00005.000000
0000000004765,00005.000000
0000000004766,00005.000000
0000000004767,00005.000000
0000000004768,00005.000000
0000000004769,00005.000000
0000000004770,00005.000000
0000000004771,00005.000000
0000000004772,00005.000000
0000000004773,00005.000000
0000000004774,00005.000000
0000000004775,00005.000000
0000000004776,00005.000000
0000000004777,00005.000000
0000000004778,00005.000000
0000000004779,00005.000000
0000000004780,00005.000000
0000000004781,00005.000000
0000000004782,00005.000000
0000000004783,00005.000000
0000000004784,00005.000000
0000000004785,00005.000000
0000000004786,00005.000000
0000000004787,00005.000000
0000000004788,00005.000000
0000000004789,00005.000000
0000000004790,00005.000000
0000000004791,00005.000000
0000000004792,00005.000000
0000000004793,00005.000000
0000000004794,00005.000000
0000000004795,00005.000000
0000000004796,00005.000000
0000000004797,00005.000000
0000000004798,00005.000000
0000000004799,00005.000000
0000000004800,00005.000000
0000000004801,00005.000000
0000000004802,00005.000000
0000000004803,00005.000000
0000000004804,00005.000000
0000000004805,00005.000000
0000000004806,00005.000000
0000000004807,00005.000000
0000000004808,00005.000000
0000000004809,00005.000000
0000000004810,00005.000000
0000000004811,00005.000000
0000000004812,00005.000000
0000000004813,00005.000000
0000000004814,00005.000000
0000000004815,00005.000000
0000000004816,00005.000000
0000000004817,00005.000000
0000000004818,00005.000000
0000000004819,00005.000000
0000000004820,00005.000000
0000000004821,00005.000000
0000000004822,00005.000000
0000000004823,00005.000000
0000000004824,00005.000000
0000000004825,00005.000000
0000000004826,00005.000000
0000000004827,00005.000000
0000000004828,00005.000000
0000000004829,00005.000000
0000000004830,00005.000000
0000000004831,00005.000000
0000000004832,00005.000000
0000000004833,00005.000000
0000000004834,00005.000000
0000000004835,00005.000000
0000000004836,00005.000000
0000000004837,00005.000000
0000000004838,00005.000000
0000000004839,00005.000000
0000000004840,00005.000000
0000000004841,00005.000000
0000000004842,00005.000000
0000000004843,00005.000000
0000000004844,00005.000000
0000000004845,00005.000000
0000000004846,00005.000000
0000000004847,00005.000000
0000000004848,00005.000000
0000000004849,00005.000000
0000000004850,00005.000000
0000000004851,00005.000000
0000000004852,00005.000000
0000000004853,00005.000000
0000000004854,00005.000000
0000000004855,00005.000000
0000000004856,00005.000000
0000000004857,00005.000000
0000000004858,00005.000000
0000000004859,00005.000000
0000000004860,00005.000000
0000000004861,00005.000000
0000000004862,00005.000000
0000000004863,00005.000000
0000000004864,00005.000000
0000000004865,00005.000000
0000000004866,00005.000000
0000000004867,00005.000000
0000000004868,00005.000000
0000000004869,00005.000000
0000000004870,00005.000000
0000000004871,00005.000000
0000000004872,00005.000000
0000000004873,00005.000000
0000000004874,00005.000000
0000000004875,00005.000000
0000000004876,00005.000000
0000000004877,00005.000000
0000000004878,00005.000000
0000000004879,00005.000000
0000000004880,00005.000000
0000000004881,00005.000000
0000000004882,00005.000000
0000000004883,00005.000000
0000000004884,00005.000000
0000000004885,00005.000000
0000000004886,00005.000000
0000000004887,00005.000000
0000000004888,00005.000000
0000000004889,00005.000000
0000000004890,00005.000000
0000000004891,00005.000000
0000000004892,00005.000000
0000000004893,00005.000000
0000000004894,00005.000000
0000000004895,00005.000000
0000000004896,00005.000000
0000000004897,00005.000000
0000000004898,00005.000000
0000000004899,00005.000000
0000000004900,00005.000000
0000000004901,00005.000000
0000000004902,00005.000000
0000000004903,00005.000000
0000000004904,00005.000000
0000000004905,00005.000000
0000000004906,00005.000000
0000000004907,00005.000000
0000000004908,00005.000000
0000000004909,00005.000000
0000000004910,00005.000000
0000000004911,00005.000000
0000000004912,00005.000000
0000000004913,00005.000000
0000000004914,00005.000000
0000000004915,00005.000000
0000000004916,00005.000000
0000000004917,00005.000000
0000000004918,00005.000000
0000000004919,00005.000000
0000000004920,00005.000000
0000000004921,00005.000000
0000000004922,00005.000000
0000000004923,00005.000000
0000000004924,00005.000000
0000000004925,00005.000000
0000000004926,00005.000000
0000000004927,00005.000000
0000000004928,00005.000000
0000000004929,00005.000000
0000000004930,00005.000000
0000000004931,00005.000000
0000000004932,00005.000000
0000000004933,00005.000000
0000000004934,00005.000000
0000000004935,00005.000000
0000000004936,00005.000000
0000000004937,00005.000000
0000000004938,00005.000000
0000000004939,00005.000000
0000000004940,00005.000000
0000000004941,00005.000000
0000000004942,00005.000000
0000000004943,00005.000000
0000000004944,00005.000000
0000000004945,00005.000000
0000000004946,00005.000000
0000000004947,00005.000000
0000000004948,00005.000000
0000000004949,00005.000000
0000000004950,00005.000000
0000000004951,00005.000000
0000000004952,00005.000000
0000000004953,00005.000000
0000000004954,00005.000000
0000000004955,00005.000000
0000000004956,00005.000000
0000000004957,00005.000000
0000000004958,00005.000000
0000000004959,00005.000000
0000000004960,00005.000000
0000000004961,00005.000000
0000000004962,00005.000000
0000000004963,00005.000000
0000000004964,00005.000000
0000000004965,00005.000000
0000000004966,00005.000000
0000000004967,00005.000000
0000000004968,00005.000000
0000000004969,00005.000000
0000000004970,00005.000000
0000000004971,00005.000000
0000000004972,00005.000000
0000000004973,00005.000000
0000000004974,00005.000000
0000000004975,00005.000000
0000000004976,00005.000000
0000000004977,00005.000000
0000000004978,00005.000000
0000000004979,00005.000000
0000000004980,00005.000000
0000000004981,00005.000000
0000000004982,00005.000000
0000000004983,00005.000000
0000000004984,00005.000000
0000000004985,00005.000000
0000000004986,00005.000000
0000000004987,00005.000000
0000000004988,00005.000000
0000000004989,00005.000000
0000000004990,00005.000000
0000000004991,00005.000000
0000000004992,00005.000000
0000000004993,00005.000000
0000000004994,00005.000000
0000000004995,00005.000000
0000000004996,00005.000000
0000000004997,00005.000000
0000000004998,00005.000000
0000000004999,00005.000000
0000000005000,00005.000000
0000000005001,00005.000000
0000000005002,00005.000000
0000000005003,00005.000000
0000000005004,00005.000000
0000000005005,00005.000000
0000000005006,00005.000000
0000000005007,00005.000000
0000000005008,00005.000000
0000000005009,00005.000000
0000000005010,00005.000000
0000000005011,00005.000000
0000000005012,00005.000000
0000000005013,00005.000000
0000000005014,00005.000000
0000000005015,00005.000000
0000000005016,00005.000000
0000000005017,00005.000000
0000000005018,00005.000000
0000000005019,00005.000000
0000000005020,00005.000000
0000000005021,00005.000000
0000000005022,00005.000000
0000000005023,00005.000000
0000000005024,00005.000000
0000000005025,00005.000000
0000000005026,00005.000000
0000000005027,00005.000000
0000000005028,00005.000000
0000000005029,00005.000000
0000000005030,00005.000000
0000000005031,00005.000000
0000000005032,00005.000000
0000000005033,00005.000000
0000000005034,00005.000000
0000000005035,00005.000000
0000000005036,00005.000000
0000000005037,00005.000000
0000000005038,00005.000000
0000000005039,00005.000000
0000000005040,00005.000000
0000000005041,00005.000000
0000000005042,00005.000000
0000000005043,00005.000000
0000000005044,00005.000000
0000000005045,00005.000000
0000000005046,00005.000000
0000000005047,00005.000000
0000000005048,00005.000000
0000000005049,00005.000000
0000000005050,00005.000000
0000000005051,00005.000000
0000000005052,00005.000000
0000000005053,00005.000000
0000000005054,00005.000000
0000000005055,00005.000000
0000000005056,00005.000000
0000000005057,00005.000000
0000000005058,00005.000000
0000000005059,00005.000000
0000000005060,00005.000000
0000000005061,00005.000000
0000000005062,00005.000000
0000000005063,00005.000000
0000000005064,00005.000000
0000000005065,00005.000000
0000000005066,00005.000000
0000000005067,00005.000000
0000000005068,00005.000000
0000000005069,00005.000000
0000000005070,00005.000000
0000000005071,00005.000000
0000000005072,00005.000000
0000000005073,00005.000000
0000000005074,00005.000000
0000000005075,00005.000000
0000000005076,00005.000000
0000000005077,00005.000000
0000000005078,00005.000000
0000000005079,00005.000000
0000000005080,00005.000000
0000000005081,00005.000000
0000000005082,00005.000000
0000000005083,00005.000000
0000000005084,00005.000000
0000000005085,00005.000000
0000000005086,00005.000000
0000000005087,00005.000000
0000000005088,00005.000000
0000000005089,00005.000000
0000000005090,00005.000000
0000000005091,00005.000000
0000000005092,00005.000000
0000000005093,00005.000000
0000000005094,00005.000000
0000000005095,00005.000000
0000000005096,00005.000000
0000000005097,00005.000000
0000000005098,00005.000000
0000000005099,00005.000000
0000000005100,00005.000000
0000000005101,00005.000000
0000000005102,00005.000000
0000000005103,00005.000000
0000000005104,00005.000000
0000000005105,00005.000000
0000000005106,00005.000000
0000000005107,00005.000000
0000000005108,00005.000000
0000000005109,00005.000000
0000000005110,00005.000000
0000000005111,00005.000000
0000000005112,00005.000000
0000000005113,00005.000000
0000000005114,00005.000000
0000000005115,00005.000000
0000000005116,00005.000000
0000000005117,00005.000000
0000000005118,00005.000000
0000000005119,00005.000000
0000000005120,00005.000000
0000000005121,00005.000000
0000000005122,00005.000000
0000000005123,00005.000000
0000000005124,00005.000000
0000000005125,00005.000000
0000000005126,00005.000000
0000000005127,00005.000000
0000000005128,00005.000000
0000000005129,00005.000000
0000000005130,00005.000000
0000000005131,00005.000000
0000000005132,00005.000000
0000000005133,00005.000000
0000000005134,00005.000000
0000000005135,00005.000000
0000000005136,00005.000000
0000000005137,00005.000000
0000000005138,00005.000000
0000000005139,00005.000000
0000000005140,00005.000000
0000000005141,00005.000000
0000000005142,00005.000000
0000000005143,00005.000000
0000000005144,00005.000000
0000000005145,00005.000000
0000000005146,00005.000000
0000000005147,00005.000000
0000000005148,00005.000000
0000000005149,00005.000000
0000000005150,00005.000000
0000000005151,00005.000000
0000000005152,00005.000000
0000000005153,00005.000000
0000000005154,00005.000000
0000000005155,00005.000000
0000000005156,00005.000000
0000000005157,00005.000000
0000000005158,00005.000000
0000000005159,00005.000000
0000000005160,00005.000000
0000000005161,00005.000000
0000000005162,00005.000000
0000000005163,00005.000000
0000000005164,00005.000000
0000000005165,00005.000000
0000000005166,00005.000000
0000000005167,00005.000000
0000000005168,00005.000000
0000000005169,00005.000000
0000000005170,00005.000000
0000000005171,00005.000000
0000000005172,00005.000000
0000000005173,00005.000000
0000000005174,00005.000000
0000000005175,00005.000000
0000000005176,00005.000000
0000000005177,00005.000000
0000000005178,00005.000000
0000000005179,00005.000000
0000000005180,00005.000000
0000000005181,00005.000000
0000000005182,00005.000000
0000000005183,00005.000000
0000000005184,00005.000000
0000000005185,00005.000000
0000000005186,00005.000000
0000000005187,00005.000000
0000000005188,00005.000000
0000000005189,00005.000000
0000000005190,00005.000000
0000000005191,00005.000000
0000000005192,00005.000000
0000000005193,00005.000000
0000000005194,00005.000000
0000000005195,00005.000000
0000000005196,00005.000000
0000000005197,00005.000000
0000000005198,00005.000000
0000000005199,00005.000000
0000000005200,00005.000000
0000000005201,00005.000000
0000000005202,00005.000000
0000000005203,00005.000000
0000000005204,00005.000000
0000000005205,00005.000000
0000000005206,00005.000000
0000000005207,00005.000000
0000000005208,00005.000000
0000000005209,00005.000000
0000000005210,00005.000000
0000000005211,00005.000000
0000000005212,00005.000000
0000000005213,00005.000000
0000000005214,00005.000000
0000000005215,00005.000000
0000000005216,00005.000000
0000000005217,00005.000000
0000000005218,00005.000000
0000000005219,00005.000000
0000000005220,00005.000000
0000000005221,00005.000000
0000000005222,00005.000000
0000000005223,00005.000000
0000000005224,00005.000000
0000000005225,00005.000000
0000000005226,00005.000000
0000000005227,00005.000000
0000000005228,00005.000000
0000000005229,00005.000000
0000000005230,00005.000000
0000000005231,00005.000000
0000000005232,00005.000000
0000000005233,00005.000000
0000000005234,00005.000000
0000000005235,00005.000000
0000000005236,00005.000000
0000000005237,00005.000000
0000000005238,00005.000000
0000000005239,00005.000000
0000000005240,00005.000000
0000000005241,00005.000000
0000000005242,00005.000000
0000000005243,00005.000000
0000000005244,00005.000000
0000000005245,00005.000000
0000000005246,00005.000000
0000000005247,00005.000000
0000000005248,00005.000000
0000000005249,00005.000000
0000000005250,00005.000000
0000000005251,00005.000000
0000000005252,00005.000000
0000000005253,00005.000000
0000000005254,00005.000000
0000000005255,00005.000000
0000000005256,00005.000000
0000000005257,00005.000000
0000000005258,00005.000000
0000000005259,00005.000000
0000000005260,00005.000000
0000000005261,00005.000000
0000000005262,00005.000000
0000000005263,00005.000000
0000000005264,00005.000000
0000000005265,00005.000000
0000000005266,00005.000000
0000000005267,00005.000000
0000000005268,00005.000000
0000000005269,00005.000000
0000000005270,00005.000000
0000000005271,00005.000000
0000000005272,00005.000000
0000000005273,00005.000000
0000000005274,00005.000000
0000000005275,00005.000000
0000000005276,00005.000000
0000000005277,00005.000000
0000000005278,00005.000000
0000000005279,00005.000000
0000000005280,00005.000000
0000000005281,00005.000000
0000000005282,00005.000000
0000000005283,00005.000000
0000000005284,00005.000000
0000000005285,00005.000000
0000000005286,00005.000000
0000000005287,00005.000000
0000000005288,00005.000000
0000000005289,00005.000000
0000000005290,00005.000000
0000000005291,00005.000000
0000000005292,00005.000000
0000000005293,00005.000000
0000000005294,00005.000000
0000000005295,00005.000000
0000000005296,00005.000000
0000000005297,00005.000000
0000000005298,00005.000000
0000000005299,00005.000000
0000000005300,00005.000000
0000000005301,00005.000000
0000000005302,00005.000000
0000000005303,00005.000000
0000000005304,00005.000000
0000000005305,00005.000000
0000000005306,00005.000000
0000000005307,00005.000000
0000000005308,00005.000000
0000000005309,00005.000000
0000000005310,00005.000000
0000000005311,00005.000000
0000000005312,00005.000000
0000000005313,00005.000000
0000000005314,00005.000000
0000000005315,00005.000000
0000000005316,00005.000000
0000000005317,00005.000000
0000000005318,00005.000000
0000000005319,00005.000000
0000000005320,00005.000000
0000000005321,00005.000000
0000000005322,00005.000000
0000000005323,00005.000000
0000000005324,00005.000000
0000000005325,00005.000000
0000000005326,00005.000000
0000000005327,00005.000000
0000000005328,00005.000000
0000000005329,00005.000000
0000000005330,00005.000000
0000000005331,00005.000000
0000000005332,00005.000000
0000000005333,00005.000000
0000000005334,00005.000000
0000000005335,00005.000000
0000000005336,00005.000000
0000000005337,00005.000000
0000000005338,00005.000000
0000000005339,00005.000000
0000000005340,00005.000000
0000000005341,00005.000000
0000000005342,00005.000000
0000000005343,00005.000000
0000000005344,00005.000000
0000000005345,00005.000000
0000000005346,00005.000000
0000000005347,00005.000000
0000000005348,00005.000000
0000000005349,00005.000000
0000000005350,00005.000000
0000000005351,00005.000000
0000000005352,00005.000000
0000000005353,00005.000000
0000000005354,00005.000000
0000000005355,00005.000000
0000000005356,00005.000000
0000000005357,00005.000000
0000000005358,00005.000000
0000000005359,00005.000000
0000000005360,00005.000000
0000000005361,00005.000000
0000000005362,00005.000000
0000000005363,00005.000000
0000000005364,00005.000000
0000000005365,00005.000000
0000000005366,00005.000000
0000000005367,00005.000000
0000000005368,00005.000000
0000000005369,00005.000000
0000000005370,00005.000000
0000000005371,00005.000000
0000000005372,00005.000000
0000000005373,00005.000000
0000000005374,00005.000000
0000000005375,00005.000000
0000000005376,00005.000000
0000000005377,00005.000000
0000000005378,00005.000000
0000000005379,00005.000000
0000000005380,00005.000000
0000000005381,00005.000000
0000000005382,00005.000000
0000000005383,00005.000000
0000000005384,00005.000000
0000000005385,00005.000000
0000000005386,00005.000000
0000000005387,00005.000000
0000000005388,00005.000000
0000000005389,00005.000000
0000000005390,00005.000000
0000000005391,00005.000000
0000000005392,00005.000000
0000000005393,00005.000000
0000000005394,00005.000000
0000000005395,00005.000000
0000000005396,00005.000000
0000000005397,00005.000000
0000000005398,00005.000000
0000000005399,00005.000000
0000000005400,00005.000000
0000000005401,00005.000000
0000000005402,00005.000000
0000000005403,00005.000000
0000000005404,00005.000000
0000000005405,00005.000000
0000000005406,00005.000000
0000000005407,00005.000000
0000000005408,00005.000000
0000000005409,00005.000000
0000000005410,00005.000000
0000000005411,00005.000000
0000000005412,00005.000000
0000000005413,00005.000000
0000000005414,00005.000000
0000000005415,00005.000000
0000000005416,00005.000000
0000000005417,00005.000000
0000000005418,00005.000000
0000000005419,00005.000000
0000000005420,00005.000000
0000000005421,00005.000000
0000000005422,00005.000000
0000000005423,00005.000000
0000000005424,00005.000000
0000000005425,00005.000000
0000000005426,00005.000000
0000000005427,00005.000000
0000000005428,00005.000000
0000000005429,00005.000000
0000000005430,00005.000000
0000000005431,00005.000000
0000000005432,00005.000000
0000000005433,00005.000000
0000000005434,00005.000000
0000000005435,00005.000000
0000000005436,00005.000000
0000000005437,00005.000000
0000000005438,00005.000000
0000000005439,00005.000000
0000000005440,00005.000000
0000000005441,00005.000000
0000000005442,00005.000000
0000000005443,00005.000000
0000000005444,00005.000000
0000000005445,00005.000000
0000000005446,00005.000000
0000000005447,00005.000000
0000000005448,00005.000000
0000000005449,00005.000000
0000000005450,00005.000000
0000000005451,00005.000000
0000000005452,00005.000000
0000000005453,00005.000000
0000000005454,00005.000000
0000000005455,00005.000000
0000000005456,00005.000000
0000000005457,00005.000000
0000000005458,00005.000000
0000000005459,00005.000000
0000000005460,00005.000000
0000000005461,00005.000000
0000000005462,00005.000000
0000000005463,00005.000000
0000000005464,00005.000000
0000000005465,00005.000000
0000000005466,00005.000000
0000000005467,00005.000000
0000000005468,00005.000000
0000000005469,00005.000000
0000000005470,00005.000000
0000000005471,00005.000000
0000000005472,00005.000000
0000000005473,00005.000000
0000000005474,00005.000000
0000000005475,00005.000000
0000000005476,00005.000000
0000000005477,00005.000000
0000000005478,00005.000000
0000000005479,00005.000000
0000000005480,00005.000000
0000000005481,00005.000000
0000000005482,00005.000000
0000000005483,00005.000000
0000000005484,00005.000000
0000000005485,00005.000000
0000000005486,00005.000000
0000000005487,00005.000000
0000000005488,00005.000000
0000000005489,00005.000000
0000000005490,00005.000000
0000000005491,00005.000000
0000000005492,00005.000000
0000000005493,00005.000000
0000000005494,00005.000000
0000000005495,00005.000000
0000000005496,00005.000000
0000000005497,00005.000000
0000000005498,00005.000000
0000000005499,00005.000000
0000000005500,00005.000000
0000000005501,00005.000000
0000000005502,00005.000000
0000000005503,00005.000000
0000000005504,00005.000000
0000000005505,00005.000000
0000000005506,00005.000000
0000000005507,00005.000000
0000000005508,00005.000000
0000000005509,00005.000000
0000000005510,00005.000000
0000000005511,00005.000000
0000000005512,00005.000000
0000000005513,00005.000000
0000000005514,00005.000000
0000000005515,00005.000000
0000000005516,00005.000000
0000000005517,00005.000000
0000000005518,00005.000000
0000000005519,00005.000000
0000000005520,00005.000000
0000000005521,00005.000000
0000000005522,00005.000000
0000000005523,00005.000000
0000000005524,00005.000000
0000000005525,00005.000000
0000000005526,00005.000000
0000000005527,00005.000000
0000000005528,00005.000000
0000000005529,00005.000000
0000000005530,00005.000000
0000000005531,00005.000000
0000000005532,00005.000000
0000000005533,00005.000000
0000000005534,00005.000000
0000000005535,00005.000000
0000000005536,00005.000000
0000000005537,00005.000000
0000000005538,00005.000000
0000000005539,00005.000000
0000000005540,00005.000000
0000000005541,00005.000000
0000000005542,00005.000000
0000000005543,00005.000000
0000000005544,00005.000000
0000000005545,00005.000000
0000000005546,00005.000000
0000000005547,00005.000000
0000000005548,00005.000000
0000000005549,00005.000000
0000000005550,00005.000000
0000000005551,00005.000000
0000000005552,00005.000000
0000000005553,00005.000000
0000000005554,00005.000000
0000000005555,00005.000000
0000000005556,00005.000000
0000000005557,00005.000000
0000000005558,00005.000000
0000000005559,00005.000000
0000000005560,00005.000000
0000000005561,00005.000000
0000000005562,00005.000000
0000000005563,00005.000000
0000000005564,00005.000000
0000000005565,00005.000000
0000000005566,00005.000000
0000000005567,00005.000000
0000000005568,00005.000000
0000000005569,00005.000000
0000000005570,00005.000000
0000000005571,00005.000000
0000000005572,00005.000000
0000000005573,00005.000000
0000000005574,00005.000000
0000000005575,00005.000000
0000000005576,00005.000000
0000000005577,00005.000000
0000000005578,00005.000000
0000000005579,00005.000000
0000000005580,00005.000000
0000000005581,00005.000000
0000000005582,00005.000000
0000000005583,00005.000000
0000000005584,00005.000000
0000000005585,00005.000000
0000000005586,00005.000000
0000000005587,00005.000000
0000000005588,00005.000000
0000000005589,00005.000000
0000000005590,00005.000000
0000000005591,00005.000000
0000000005592,00005.000000
0000000005593,00005.000000
0000000005594,00005.000000
0000000005595,00005.000000
0000000005596,00005.000000
0000000005597,00005.000000
0000000005598,00005.000000
0000000005599,00005.000000
0000000005600,00005.000000
0000000005601,00005.000000
0000000005602,00005.000000
0000000005603,00005.000000
0000000005604,00005.000000
0000000005605,00005.000000
0000000005606,00005.000000
0000000005607,00005.000000
0000000005608,00005.000000
0000000005609,00005.000000
0000000005610,00005.000000
0000000005611,00005.000000
0000000005612,00005.000000
0000000005613,00005.000000
0000000005614,00005.000000
0000000005615,00005.000000
0000000005616,00005.000000
0000000005617,00005.000000
0000000005618,00005.000000
0000000005619,00005.000000
0000000005620,00005.000000
0000000005621,00005.000000
0000000005622,00005.000000
0000000005623,00005.000000
0000000005624,00005.000000
0000000005625,00005.000000
0000000005626,00005.000000
0000000005627,00005.000000
0000000005628,00005.000000
0000000005629,00005.000000
0000000005630,00005.000000
0000000005631,00005.000000
0000000005632,00005.000000
0000000005633,00005.000000
0000000005634,00005.000000
0000000005635,00005.000000
0000000005636,00005.000000
0000000005637,00005.000000
0000000005638,00005.000000
0000000005639,00005.000000
0000000005640,00005.000000
0000000005641,00005.000000
0000000005642,00005.000000
0000000005643,00005.000000
0000000005644,00005.000000
0000000005645,00005.000000
0000000005646,00005.000000
0000000005647,00005.000000
0000000005648,00005.000000
0000000005649,00005.000000
0000000005650,00005.000000
0000000005651,00005.000000
0000000005652,00005.000000
0000000005653,00005.000000
0000000005654,00005.000000
0000000005655,00005.000000
0000000005656,00005.000000
0000000005657,00005.000000
0000000005658,00005.000000
0000000005659,00005.000000
0000000005660,00005.000000
0000000005661,00005.000000
0000000005662,00005.000000
0000000005663,00005.000000
0000000005664,00005.000000
0000000005665,00005.000000
0000000005666,00005.000000
0000000005667,00005.000000
0000000005668,00005.000000
0000000005669,00005.000000
0000000005670,00005.000000
0000000005671,00005.000000
0000000005672,00005.000000
0000000005673,00005.000000
0000000005674,00005.000000
0000000005675,00005.000000
0000000005676,00005.000000
0000000005677,00005.000000
0000000005678,00005.000000
0000000005679,00005.000000
0000000005680,00005.000000
0000000005681,00005.000000
0000000005682,00005.000000
0000000005683,00005.000000
0000000005684,00005.000000
0000000005685,00005.000000
0000000005686,00005.000000
0000000005687,00005.000000
0000000005688,00005.000000
0000000005689,00005.000000
0000000005690,00005.000000
0000000005691,00005.000000
0000000005692,00005.000000
0000000005693,00005.000000
0000000005694,00005.000000
0000000005695,00005.000000
0000000005696,00005.000000
0000000005697,00005.000000
0000000005698,00005.000000
0000000005699,00005.000000
0000000005700,00005.000000
