0000000002559,00039.901744
0000000002560,00039.916759
0000000002561,00039.931748
0000000002562,00039.946735
0000000002563,00039.961814
0000000002564,00039.981753
0000000002565,00039.996778
0000000002566,00040.011806
0000000002567,00040.026829
0000000002568,00040.041761
0000000002569,00040.056821
0000000002570,00040.071751
0000000002571,00040.086854
0000000002572,00040.106795
0000000002573,00040.121738
0000000002574,00040.136747
0000000002575,00040.151747
0000000002576,00040.166791
0000000002577,00040.181744
0000000002578,00040.196724
0000000002579,00040.211781
0000000002580,00040.231765
0000000002581,00040.246760
0000000002582,00040.261765
0000000002583,00040.276748
0000000002584,00040.291763
0000000002585,00040.306766
0000000002586,00040.321763
0000000002587,00040.336835
0000000002588,00040.351786
0000000002589,00040.371765
0000000002590,00040.386754
0000000002591,00040.401785
0000000002592,00040.416767
0000000002593,00040.431748
0000000002594,00040.446769
0000000002595,00040.461768
0000000002596,00040.476768
0000000002597,00040.496807
0000000002598,00040.511807
0000000002599,00040.526776
0000000002600,00040.541820
0000000002601,00040.556781
0000000002602,00040.571821
0000000002603,00040.586756
0000000002604,00040.601752
0000000002605,00040.616762
0000000002606,00040.636787
0000000002607,00040.651770
0000000002608,00040.666778
0000000002609,00040.681767
0000000002610,00040.696752
0000000002611,00040.711800
0000000002612,00040.726781
0000000002613,00040.741746
0000000002614,00040.761794
0000000002615,00040.776780
0000000002616,00040.791812
0000000002617,00040.806770
0000000002618,00040.821809
0000000002619,00040.836752
0000000002620,00040.851862
0000000002621,00040.866788
0000000002622,00040.886780
0000000002623,00040.901778
0000000002624,00040.916786
0000000002625,00040.931767
0000000002626,00040.946751
0000000002627,00040.961819
0000000002628,00040.976761
0000000002629,00040.991785
0000000002630,00041.006868
0000000002631,00041.026751
0000000002632,00041.041778
0000000002633,00041.056818
0000000002634,00041.071790
0000000002635,00041.086839
0000000002636,00041.101845
0000000002637,00041.116815
0000000002638,00041.131802
0000000002639,00041.151790
0000000002640,00041.166754
0000000002641,00041.181762
0000000002642,00041.196757
0000000002643,00041.211815
0000000002644,00041.226764
0000000002645,00041.241786
0000000002646,00041.256809
0000000002647,00041.276777
0000000002648,00041.291790
0000000002649,00041.306808
0000000002650,00041.321831
0000000002651,00041.336807
0000000002652,00041.351775
0000000002653,00041.366805
0000000002654,00041.381782
0000000002655,00041.396780
0000000002656,00041.416798
0000000002657,00041.431795
0000000002658,00041.446803
0000000002659,00041.461841
0000000002660,00041.476790
0000000002661,00041.491796
0000000002662,00041.506822
0000000002663,00041.521805
0000000002664,00041.541861
0000000002665,00041.556935
0000000002666,00041.571826
0000000002667,00041.586776
0000000002668,00041.601803
0000000002669,00041.616840
0000000002670,00041.631807
0000000002671,00041.646833
0000000002672,00041.666813
0000000002673,00041.681809
0000000002674,00041.696828
0000000002675,00041.711854
0000000002676,00041.726782
0000000002677,00041.741818
0000000002678,00041.756825
0000000002679,00041.771818
0000000002680,00041.786809
0000000002681,00041.806838
0000000002682,00041.821934
0000000002683,00041.836820
0000000002684,00041.851818
0000000002685,00041.866814
0000000002686,00041.881727
0000000002687,00041.896689
0000000002688,00041.911819
0000000002689,00041.931875
0000000002690,00041.946809
0000000002691,00041.961834
0000000002692,00041.976821
0000000002693,00041.991826
0000000002694,00042.006823
0000000002695,00042.021800
0000000002696,00042.036844
0000000002697,00042.056839
0000000002698,00042.071853
0000000002699,00042.086819
0000000002700,00042.101808
0000000002701,00042.116862
0000000002702,00042.131818
0000000002703,00042.146804
0000000002704,00042.161913
0000000002705,00042.176839
0000000002706,00042.196831
0000000002707,00042.211900
0000000002708,00042.226844
0000000002709,00042.241833
0000000002710,00042.256826
0000000002711,00042.271953
0000000002712,00042.286813
0000000002713,00042.301811
0000000002714,00042.321848
0000000002715,00042.336816
0000000002716,00042.350851
0000000002717,00042.365878
0000000002718,00042.380812
0000000002719,00042.395833
0000000002720,00042.410853
0000000002721,00042.430839
0000000002722,00042.445803
0000000002723,00042.460868
0000000002724,00042.475842
0000000002725,00042.490811
0000000002726,00042.505822
0000000002727,00042.520811
0000000002728,00042.535778
0000000002729,00042.551849
0000000002730,00042.566849
0000000002731,00042.586851
0000000002732,00042.601844
0000000002733,00042.616866
0000000002734,00042.631809
0000000002735,00042.646835
0000000002736,00042.661862
0000000002737,00042.676829
0000000002738,00042.691841
0000000002739,00042.711872
0000000002740,00042.726840
0000000002741,00042.741850
0000000002742,00042.756859
0000000002743,00042.771849
0000000002744,00042.787847
0000000002745,00042.802822
0000000002746,00042.817961
0000000002747,00042.833868
0000000002748,00042.848834
0000000002749,00042.863851
0000000002750,00042.878816
0000000002751,00042.898866
0000000002752,00042.913869
0000000002753,00042.928857
0000000002754,00042.943846
0000000002755,00042.958892
0000000002756,00042.973853
0000000002757,00042.988864
0000000002758,00043.003864
0000000002759,00043.024094
0000000002760,00043.038863
0000000002761,00043.053940
0000000002762,00043.068866
0000000002763,00043.083793
0000000002764,00043.098870
0000000002765,00043.113880
0000000002766,00043.128839
0000000002767,00043.148867
0000000002768,00043.163886
0000000002769,00043.178862
0000000002770,00043.193840
0000000002771,00043.208865
0000000002772,00043.223820
0000000002773,00043.238946
0000000002774,00043.253878
0000000002775,00043.268867
0000000002776,00043.288905
0000000002777,00043.303845
0000000002778,00043.318843
0000000002779,00043.333875
0000000002780,00043.348866
0000000002781,00043.363891
0000000002782,00043.378846
0000000002783,00043.393937
0000000002784,00043.413899
0000000002785,00043.428866
0000000002786,00043.443856
0000000002787,00043.458863
0000000002788,00043.473849
0000000002789,00043.488863
0000000002790,00043.503863
0000000002791,00043.519011
0000000002792,00043.538859
0000000002793,00043.553849
0000000002794,00043.568846
0000000002795,00043.583825
0000000002796,00043.598875
0000000002797,00043.613900
0000000002798,00043.628869
0000000002799,00043.643861
0000000002800,00043.658899
0000000002801,00043.678869
0000000002802,00043.693859
0000000002803,00043.708869
0000000002804,00043.723890
0000000002805,00043.738899
0000000002806,00043.753902
0000000002807,00043.768913
0000000002808,00043.783851
0000000002809,00043.803889
0000000002810,00043.818861
0000000002811,00043.833875
0000000002812,00043.848844
0000000002813,00043.863831
0000000002814,00043.878893
0000000002815,00043.893913
0000000002816,00043.908877
0000000002817,00043.928912
0000000002818,00043.943887
0000000002819,00043.958915
0000000002820,00043.973877
0000000002821,00043.988934
0000000002822,00044.003861
0000000002823,00044.018861
0000000002824,00044.034056
0000000002825,00044.048874
0000000002826,00044.068885
0000000002827,00044.083916
0000000002828,00044.098890
0000000002829,00044.113862
0000000002830,00044.128894
0000000002831,00044.143884
0000000002832,00044.158896
0000000002833,00044.173897
0000000002834,00044.193920
0000000002835,00044.208904
0000000002836,00044.223880
0000000002837,00044.238950
0000000002838,00044.253887
0000000002839,00044.268896
0000000002840,00044.283915
0000000002841,00044.298908
0000000002842,00044.313860
0000000002843,00044.333922
0000000002844,00044.346006
0000000002845,00044.365130
0000000002846,00044.377030
0000000002847,00044.393572
0000000002848,00044.411955
0000000002849,00044.426896
0000000002850,00044.441905
0000000002851,00044.456911
0000000002852,00044.471912
0000000002853,00044.486901
0000000002854,00044.501986
0000000002855,00044.516920
0000000002856,00044.536931
0000000002857,00044.551898
0000000002858,00044.566864
0000000002859,00044.581921
0000000002860,00044.596886
0000000002861,00044.611955
0000000002862,00044.626932
0000000002863,00044.641973
0000000002864,00044.661915
0000000002865,00044.676891
0000000002866,00044.691919
0000000002867,00044.707082
0000000002868,00044.721957
0000000002869,00044.736963
0000000002870,00044.751945
0000000002871,00044.766899
0000000002872,00044.781953
0000000002873,00044.801966
0000000002874,00044.816908
0000000002875,00044.831993
0000000002876,00044.846908
0000000002877,00044.861936
0000000002878,00044.876947
0000000002879,00044.891991
0000000002880,00044.906981
0000000002881,00044.926940
0000000002882,00044.941966
0000000002883,00044.956966
0000000002884,00044.971978
0000000002885,00044.986950
0000000002886,00045.001985
0000000002887,00045.017040
0000000002888,00045.031933
0000000002889,00045.051953
0000000002890,00045.066977
0000000002891,00045.081930
0000000002892,00045.096924
0000000002893,00045.111996
0000000002894,00045.126960
0000000002895,00045.141933
0000000002896,00045.156925
0000000002897,00045.171874
0000000002898,00045.191912
0000000002899,00045.207025
0000000002900,00045.221963
0000000002901,00045.236926
0000000002902,00045.251987
0000000002903,00045.266908
0000000002904,00045.281947
0000000002905,00045.296991
0000000002906,00045.316957
0000000002907,00045.331939
0000000002908,00045.346956
0000000002909,00045.361963
0000000002910,00045.376992
0000000002911,00045.391926
0000000002912,00045.407003
0000000002913,00045.421979
0000000002914,00045.441956
0000000002915,00045.456972
0000000002916,00045.471947
0000000002917,00045.487005
0000000002918,00045.502005
0000000002919,00045.516908
0000000002920,00045.531931
0000000002921,00045.546945
0000000002922,00045.561984
0000000002923,00045.581978
0000000002924,00045.596951
0000000002925,00045.611969
0000000002926,00045.626940
0000000002927,00045.641913
0000000002928,00045.656947
0000000002929,00045.672015
0000000002930,00045.686941
0000000002931,00045.706977
0000000002932,00045.721992
0000000002933,00045.736961
0000000002934,00045.751938
0000000002935,00045.766948
0000000002936,00045.781951
0000000002937,00045.796947
0000000002938,00045.812048
0000000002939,00045.831920
0000000002940,00045.846951
0000000002941,00045.862094
0000000002942,00045.876957
0000000002943,00045.891960
0000000002944,00045.906958
0000000002945,00045.921942
0000000002946,00045.936990
0000000002947,00045.951946
0000000002948,00045.971994
0000000002949,00045.986977
0000000002950,00046.001986
0000000002951,00046.017044
0000000002952,00046.031986
0000000002953,00046.046954
0000000002954,00046.062080
0000000002955,00046.076977
0000000002956,00046.097034
0000000002957,00046.111967
0000000002958,00046.126968
0000000002959,00046.204038
0000000002960,00046.212131
0000000002961,00046.246359
0000000002962,00046.257048
0000000002963,00046.265114
0000000002964,00046.280052
0000000002965,00046.300109
0000000002966,00046.315049
0000000002967,00046.330216
0000000002968,00046.345006
0000000002969,00046.360066
0000000002970,00046.375075
0000000002971,00046.390050
0000000002972,00046.405032
0000000002973,00046.420046
0000000002974,00046.440052
0000000002975,00046.454967
0000000002976,00046.470096
0000000002977,00046.485068
0000000002978,00046.500067
0000000002979,00046.515093
0000000002980,00046.530105
0000000002981,00046.544945
0000000002982,00046.565065
0000000002983,00046.579988
0000000002984,00046.595027
0000000002985,00046.610033
0000000002986,00046.625104
0000000002987,00046.640019
0000000002988,00046.654998
0000000002989,00046.670051
0000000002990,00046.690031
0000000002991,00046.722054
0000000002992,00046.749647
0000000002993,00046.776386
0000000002994,00046.805111
0000000002995,00046.833977
0000000002996,00046.860350
0000000002997,00046.886814
0000000002998,00046.914868
0000000002999,00046.943614
0000000003000,00046.969183
0000000003001,00046.994327
0000000003002,00047.021442
0000000003003,00047.047718
0000000003004,00047.073155
0000000003005,00047.098760
0000000003006,00047.124504
0000000003007,00047.151531
0000000003008,00047.179431
0000000003009,00047.205510
0000000003010,00047.232440
0000000003011,00047.261397
0000000003012,00047.286985
0000000003013,00047.313378
0000000003014,00047.338804
0000000003015,00047.367606
0000000003016,00047.395530
0000000003017,00047.423282
0000000003018,00047.451627
0000000003019,00047.476519
0000000003020,00047.501911
0000000003021,00047.526814
0000000003022,00047.552067
0000000003023,00047.578022
0000000003024,00047.603203
0000000003025,00047.628453
0000000003026,00047.657288
0000000003027,00047.682672
0000000003028,00047.710263
0000000003029,00047.736400
0000000003030,00047.763583
0000000003031,00047.791107
0000000003032,00047.816414
0000000003033,00047.842750
0000000003034,00047.869167
0000000003035,00047.894606
0000000003036,00047.923219
0000000003037,00047.951767
0000000003038,00047.977262
0000000003039,00048.004185
0000000003040,00048.031592
0000000003041,00048.056038
0000000003042,00048.082471
0000000003043,00048.107988
0000000003044,00048.134219
0000000003045,00048.163263
0000000003046,00048.188770
0000000003047,00048.216555
0000000003048,00048.243832
0000000003049,00048.269540
0000000003050,00048.296096
0000000003051,00048.321023
0000000003052,00048.347336
0000000003053,00048.373403
0000000003054,00048.398469
0000000003055,00048.423623
0000000003056,00048.450274
0000000003057,00048.475252
0000000003058,00048.504356
0000000003059,00048.530281
0000000003060,00048.554880
0000000003061,00048.584125
0000000003062,00048.611757
0000000003063,00048.637352
0000000003064,00048.662551
0000000003065,00048.690039
0000000003066,00048.717412
0000000003067,00048.742246
0000000003068,00048.771591
0000000003069,00048.796432
0000000003070,00048.825322
0000000003071,00048.854439
0000000003072,00048.884927
0000000003073,00048.913681
0000000003074,00048.939108
0000000003075,00048.964460
0000000003076,00048.993092
0000000003077,00049.018667
0000000003078,00049.044249
0000000003079,00049.071238
0000000003080,00049.098882
0000000003081,00049.124312
0000000003082,00049.151654
0000000003083,00049.176668
0000000003084,00049.205767
0000000003085,00049.231119
0000000003086,00049.259888
0000000003087,00049.288652
0000000003088,00049.314138
0000000003089,00049.342156
0000000003090,00049.368072
0000000003091,00049.393530
0000000003092,00049.419771
0000000003093,00049.444791
0000000003094,00049.472480
0000000003095,00049.498095
0000000003096,00049.523026
0000000003097,00049.552176
0000000003098,00049.579415
0000000003099,00049.606730
0000000003100,00049.634145
0000000003101,00049.660217
0000000003102,00049.687678
0000000003103,00049.714433
0000000003104,00049.741361
0000000003105,00049.770707
0000000003106,00049.796356
0000000003107,00049.824257
0000000003108,00049.838229
0000000003109,00049.853199
0000000003110,00049.868233
0000000003111,00049.883203
0000000003112,00049.903238
0000000003113,00049.918206
0000000003114,00049.933225
0000000003115,00049.948175
0000000003116,00049.963198
0000000003117,00049.978324
0000000003118,00049.993193
0000000003119,00050.008168
0000000003120,00050.028209
0000000003121,00050.043202
0000000003122,00050.058242
0000000003123,00050.073213
0000000003124,00050.088222
0000000003125,00050.103235
0000000003126,00050.118220
0000000003127,00050.133291
0000000003128,00050.149220
0000000003129,00050.164188
0000000003130,00050.184263
0000000003131,00050.199207
0000000003132,00050.214288
0000000003133,00050.229240
0000000003134,00050.244173
0000000003135,00050.259218
0000000003136,00050.274251
0000000003137,00050.289246
0000000003138,00050.309234
0000000003139,00050.324244
0000000003140,00050.339214
0000000003141,00050.354295
0000000003142,00050.369256
0000000003143,00050.384245
0000000003144,00050.399320
0000000003145,00050.414223
0000000003146,00050.429224
0000000003147,00050.449233
0000000003148,00050.464198
0000000003149,00050.479226
0000000003150,00050.494259
0000000003151,00050.509276
0000000003152,00050.524226
0000000003153,00050.539247
0000000003154,00050.554238
0000000003155,00050.574251
0000000003156,00050.589245
0000000003157,00050.604286
0000000003158,00050.619207
0000000003159,00050.655886
0000000003160,00050.664716
0000000003161,00050.679177
0000000003162,00050.699264
0000000003163,00050.714139
0000000003164,00050.729265
0000000003165,00050.744258
0000000003166,00050.759152
0000000003167,00050.774306
0000000003168,00050.789121
0000000003169,00050.804112
0000000003170,00050.819097
0000000003171,00050.839182
0000000003172,00050.854069
0000000003173,00050.869144
0000000003174,00050.884175
0000000003175,00050.899130
0000000003176,00050.914112
0000000003177,00050.929216
0000000003178,00050.944219
0000000003179,00050.964142
0000000003180,00050.979201
0000000003181,00050.994097
0000000003182,00051.009143
0000000003183,00051.024212
0000000003184,00051.039112
0000000003185,00051.054244
0000000003186,00051.069248
0000000003187,00051.089115
0000000003188,00051.104171
0000000003189,00051.119245
0000000003190,00051.134210
0000000003191,00051.149097
0000000003192,00051.164194
0000000003193,00051.179272
0000000003194,00051.194240
0000000003195,00051.209172
0000000003196,00051.229165
0000000003197,00051.244176
0000000003198,00051.259096
0000000003199,00051.274135
0000000003200,00051.289208
0000000003201,00051.304093
0000000003202,00051.319222
0000000003203,00051.334138
0000000003204,00051.354193
0000000003205,00051.369245
0000000003206,00051.384237
0000000003207,00051.399123
0000000003208,00051.414253
0000000003209,00051.429260
0000000003210,00051.444153
0000000003211,00051.459197
0000000003212,00051.479160
0000000003213,00051.494135
0000000003214,00051.509131
0000000003215,00051.524214
0000000003216,00051.539161
0000000003217,00051.554254
0000000003218,00051.569137
0000000003219,00051.584190
0000000003220,00051.599166
0000000003221,00051.619203
0000000003222,00051.634221
0000000003223,00051.649153
0000000003224,00051.664245
0000000003225,00051.679252
0000000003226,00051.694175
0000000003227,00051.709267
0000000003228,00051.724228
0000000003229,00051.744227
0000000003230,00051.759095
0000000003231,00051.774260
0000000003232,00051.789187
0000000003233,00051.804127
0000000003234,00051.819159
0000000003235,00051.834220
0000000003236,00051.849245
0000000003237,00051.869181
0000000003238,00051.884133
0000000003239,00051.899263
0000000003240,00051.914222
0000000003241,00051.929099
0000000003242,00051.944233
0000000003243,00051.959248
0000000003244,00051.974235
0000000003245,00051.989249
0000000003246,00052.009170
0000000003247,00052.024156
0000000003248,00052.039178
0000000003249,00052.054250
0000000003250,00052.069229
0000000003251,00052.084163
0000000003252,00052.100210
0000000003253,00052.115308
0000000003254,00052.130184
0000000003255,00052.145259
0000000003256,00052.165233
0000000003257,00052.190078
0000000003258,00052.215188
0000000003259,00052.240622
0000000003260,00052.265138
0000000003261,00052.292484
0000000003262,00052.318028
0000000003263,00052.344416
0000000003264,00052.369553
0000000003265,00052.394134
0000000003266,00052.422600
0000000003267,00052.450287
0000000003268,00052.476655
0000000003269,00052.501338
0000000003270,00052.530282
0000000003271,00052.555486
0000000003272,00052.585458
0000000003273,00052.614641
0000000003274,00052.639509
0000000003275,00052.664783
0000000003276,00052.691304
0000000003277,00052.716430
0000000003278,00052.742414
0000000003279,00052.767029
0000000003280,00052.792216
0000000003281,00052.819725
0000000003282,00052.845009
0000000003283,00052.872117
0000000003284,00052.897713
0000000003285,00052.922526
0000000003286,00052.951252
0000000003287,00052.976068
0000000003288,00053.001817
0000000003289,00053.030329
0000000003290,00053.055494
0000000003291,00053.082392
0000000003292,00053.107215
0000000003293,00053.135793
0000000003294,00053.160855
0000000003295,00053.188650
0000000003296,00053.213711
0000000003297,00053.239508
0000000003298,00053.266699
0000000003299,00053.291829
0000000003300,00053.316923
0000000003301,00053.342398
0000000003302,00053.371148
0000000003303,00053.400167
0000000003304,00053.426056
0000000003305,00053.453253
0000000003306,00053.478535
0000000003307,00053.504833
0000000003308,00053.529750
0000000003309,00053.554994
0000000003310,00053.581178
0000000003311,00053.609189
0000000003312,00053.634541
0000000003313,00053.659980
0000000003314,00053.684454
0000000003315,00053.709671
0000000003316,00053.735882
0000000003317,00053.761153
0000000003318,00053.768584
0000000003319,00053.783270
0000000003320,00053.803240
0000000003321,00053.818230
0000000003322,00053.833292
0000000003323,00053.848171
0000000003324,00053.863242
0000000003325,00053.878173
0000000003326,00053.893189
0000000003327,00053.908265
0000000003328,00053.928232
0000000003329,00053.943273
0000000003330,00053.958294
0000000003331,00053.973163
0000000003332,00053.988198
0000000003333,00054.003178
0000000003334,00054.018246
0000000003335,00054.033310
0000000003336,00054.048287
0000000003337,00054.068286
0000000003338,00054.083283
0000000003339,00054.098229
0000000003340,00054.113222
0000000003341,00054.128264
0000000003342,00054.143354
0000000003343,00054.158210
0000000003344,00054.173333
0000000003345,00054.193323
0000000003346,00054.208352
0000000003347,00054.223284
0000000003348,00054.238245
0000000003349,00054.253347
0000000003350,00054.268196
0000000003351,00054.283380
0000000003352,00054.298258
0000000003353,00054.318275
0000000003354,00054.333350
0000000003355,00054.348308
0000000003356,00054.363284
0000000003357,00054.378315
0000000003358,00054.393240
0000000003359,00054.452937
0000000003360,00054.476617
0000000003361,00054.484788
0000000003362,00054.512415
0000000003363,00054.520836
0000000003364,00054.533258
0000000003365,00054.548182
0000000003366,00054.563269
0000000003367,00054.583283
0000000003368,00054.598261
0000000003369,00054.613220
0000000003370,00054.628312
0000000003371,00054.643260
0000000003372,00054.658266
0000000003373,00054.673299
0000000003374,00054.688252
0000000003375,00054.708269
0000000003376,00054.723218
0000000003377,00054.738260
0000000003378,00054.753261
0000000003379,00054.768310
0000000003380,00054.783224
0000000003381,00054.798270
0000000003382,00054.813265
0000000003383,00054.828181
0000000003384,00054.848229
0000000003385,00054.863215
0000000003386,00054.878292
0000000003387,00054.893758
0000000003388,00054.908765
0000000003389,00054.923227
0000000003390,00054.938254
0000000003391,00054.953298
0000000003392,00054.973317
0000000003393,00054.988368
0000000003394,00055.003289
0000000003395,00055.018360
0000000003396,00055.033258
0000000003397,00055.048346
0000000003398,00055.063289
0000000003399,00055.078208
0000000003400,00055.098247
0000000003401,00055.113293
0000000003402,00055.128293
0000000003403,00055.143374
0000000003404,00055.158346
0000000003405,00055.173262
0000000003406,00055.188349
0000000003407,00055.203330
0000000003408,00055.218298
0000000003409,00055.238239
0000000003410,00055.253395
0000000003411,00055.268394
0000000003412,00055.283445
0000000003413,00055.298300
0000000003414,00055.313339
0000000003415,00055.328295
0000000003416,00055.343381
0000000003417,00055.363375
0000000003418,00055.378279
0000000003419,00055.393323
0000000003420,00055.408454
0000000003421,00055.423321
0000000003422,00055.438235
0000000003423,00055.453419
0000000003424,00055.468451
0000000003425,00055.488440
0000000003426,00055.503421
0000000003427,00055.518429
0000000003428,00055.533434
0000000003429,00055.548420
0000000003430,00055.563424
0000000003431,00055.578398
0000000003432,00055.593398
0000000003433,00055.608442
0000000003434,00055.628442
0000000003435,00055.643415
0000000003436,00055.658446
0000000003437,00055.673440
0000000003438,00055.688411
0000000003439,00055.703415
0000000003440,00055.718419
0000000003441,00055.733452
0000000003442,00055.753472
0000000003443,00055.768419
0000000003444,00055.783411
0000000003445,00055.799483
0000000003446,00055.814429
0000000003447,00055.829480
0000000003448,00055.844455
0000000003449,00055.859441
0000000003450,00055.874499
0000000003451,00055.889416
0000000003452,00055.909413
0000000003453,00055.924461
0000000003454,00055.939410
0000000003455,00055.954405
0000000003456,00055.969488
0000000003457,00055.984442
0000000003458,00055.999451
0000000003459,00056.014440
0000000003460,00056.034460
0000000003461,00056.049447
0000000003462,00056.064465
0000000003463,00056.079415
0000000003464,00056.094418
0000000003465,00056.109464
0000000003466,00056.134725
0000000003467,00056.162333
0000000003468,00056.187942
0000000003469,00056.216442
0000000003470,00056.244243
0000000003471,00056.273492
0000000003472,00056.299033
0000000003473,00056.332310
0000000003474,00056.359339
0000000003475,00056.384345
0000000003476,00056.413446
0000000003477,00056.443200
0000000003478,00056.469096
0000000003479,00056.494132
0000000003480,00056.520732
0000000003481,00056.547204
0000000003482,00056.574069
0000000003483,00056.601809
0000000003484,00056.627574
0000000003485,00056.655236
0000000003486,00056.682462
0000000003487,00056.711870
0000000003488,00056.737460
0000000003489,00056.762609
0000000003490,00056.787975
0000000003491,00056.813790
0000000003492,00056.840324
0000000003493,00056.868004
0000000003494,00056.893457
0000000003495,00056.920329
0000000003496,00056.945159
0000000003497,00056.973293
0000000003498,00056.998053
0000000003499,00057.023384
0000000003500,00057.052664
0000000003501,00057.077486
0000000003502,00057.105031
0000000003503,00057.133987
0000000003504,00057.159212
0000000003505,00057.187187
0000000003506,00057.213972
0000000003507,00057.239589
0000000003508,00057.266591
0000000003509,00057.293185
0000000003510,00057.318865
0000000003511,00057.345071
0000000003512,00057.371615
0000000003513,00057.398829
0000000003514,00057.427135
0000000003515,00057.452663
0000000003516,00057.479622
0000000003517,00057.504784
0000000003518,00057.531104
0000000003519,00057.556037
0000000003520,00057.581421
0000000003521,00057.609141
0000000003522,00057.634160
0000000003523,00057.661928
0000000003524,00057.690891
0000000003525,00057.719507
0000000003526,00057.744741
0000000003527,00057.772546
0000000003528,00057.799763
0000000003529,00057.827484
0000000003530,00057.854864
0000000003531,00057.879941
0000000003532,00057.906082
0000000003533,00057.931164
0000000003534,00057.959147
0000000003535,00057.984839
0000000003536,00058.010767
0000000003537,00058.038900
0000000003538,00058.064062
0000000003539,00058.089833
0000000003540,00058.114876
0000000003541,00058.143408
0000000003542,00058.170145
0000000003543,00058.195139
0000000003544,00058.221643
0000000003545,00058.247015
0000000003546,00058.272441
0000000003547,00058.297825
0000000003548,00058.324346
0000000003549,00058.349657
0000000003550,00058.376691
0000000003551,00058.401810
0000000003552,00058.427649
0000000003553,00058.455261
0000000003554,00058.481076
0000000003555,00058.508783
0000000003556,00058.534458
0000000003557,00058.559346
0000000003558,00058.592249
0000000003559,00058.623176
0000000003560,00058.674027
0000000003561,00058.700705
0000000003562,00058.726568
0000000003563,00058.753563
0000000003564,00058.782281
0000000003565,00058.808459
0000000003566,00058.835301
0000000003567,00058.863053
0000000003568,00058.890148
0000000003569,00058.916923
0000000003570,00058.945070
0000000003571,00058.972105
0000000003572,00058.998444
0000000003573,00059.023731
0000000003574,00059.051693
0000000003575,00059.077317
0000000003576,00059.105392
0000000003577,00059.134325
0000000003578,00059.162135
0000000003579,00059.191148
0000000003580,00059.220332
0000000003581,00059.245370
0000000003582,00059.252843
0000000003583,00059.262552
0000000003584,00059.277526
0000000003585,00059.292592
0000000003586,00059.307561
0000000003587,00059.322541
0000000003588,00059.337552
0000000003589,00059.352572
0000000003590,00059.372532
0000000003591,00059.387573
0000000003592,00059.402588
0000000003593,00059.417549
0000000003594,00059.432565
0000000003595,00059.447550
0000000003596,00059.462536
0000000003597,00059.477533
0000000003598,00059.497563
0000000003599,00059.512520
0000000003600,00059.527551
0000000003601,00059.542592
0000000003602,00059.557550
0000000003603,00059.572577
0000000003604,00059.587673
0000000003605,00059.602546
0000000003606,00059.617570
0000000003607,00059.637576
0000000003608,00059.652559
0000000003609,00059.667529
0000000003610,00059.682555
0000000003611,00059.697551
0000000003612,00059.712575
0000000003613,00059.727521
0000000003614,00059.742585
0000000003615,00059.762560
0000000003616,00059.777609
0000000003617,00059.792557
0000000003618,00059.807602
0000000003619,00059.822551
0000000003620,00059.837550
0000000003621,00059.852604
0000000003622,00059.867582
0000000003623,00059.887604
0000000003624,00059.902599
0000000003625,00059.917609
0000000003626,00059.932559
0000000003627,00059.947577
0000000003628,00059.962592
0000000003629,00059.977605
0000000003630,00059.992631
0000000003631,00060.007584
0000000003632,00060.027555
0000000003633,00060.042618
0000000003634,00060.057571
0000000003635,00060.072608
0000000003636,00060.087598
0000000003637,00060.102605
0000000003638,00060.117629
0000000003639,00060.132624
0000000003640,00060.152565
0000000003641,00060.167572
0000000003642,00060.182677
0000000003643,00060.197574
0000000003644,00060.212610
0000000003645,00060.227574
0000000003646,00060.242537
0000000003647,00060.257534
0000000003648,00060.272605
0000000003649,00060.292601
0000000003650,00060.307597
0000000003651,00060.322574
0000000003652,00060.337641
0000000003653,00060.352618
0000000003654,00060.367599
0000000003655,00060.382610
0000000003656,00060.397597
0000000003657,00060.417571
0000000003658,00060.432599
0000000003659,00060.447577
0000000003660,00060.462556
0000000003661,00060.477611
0000000003662,00060.492566
0000000003663,00060.507599
0000000003664,00060.522670
0000000003665,00060.542571
0000000003666,00060.557594
0000000003667,00060.572555
0000000003668,00060.587593
0000000003669,00060.602595
0000000003670,00060.617548
0000000003671,00060.632613
0000000003672,00060.647636
0000000003673,00060.662596
0000000003674,00060.682626
0000000003675,00060.697566
0000000003676,00060.712578
0000000003677,00060.727601
0000000003678,00060.742614
0000000003679,00060.757574
0000000003680,00060.772596
0000000003681,00060.787601
0000000003682,00060.807598
0000000003683,00060.822638
0000000003684,00060.837638
0000000003685,00060.852697
0000000003686,00060.867601
0000000003687,00060.882686
0000000003688,00060.897590
0000000003689,00060.912684
0000000003690,00060.932617
0000000003691,00060.947684
0000000003692,00060.962605
0000000003693,00060.977591
0000000003694,00060.992633
0000000003695,00061.007647
0000000003696,00061.022663
0000000003697,00061.037640
0000000003698,00061.052614
0000000003699,00061.072625
0000000003700,00061.087637
0000000003701,00061.102605
0000000003702,00061.117664
0000000003703,00061.132639
0000000003704,00061.147629
0000000003705,00061.162595
0000000003706,00061.177591
0000000003707,00061.197642
0000000003708,00061.212604
0000000003709,00061.227608
0000000003710,00061.242674
0000000003711,00061.257623
0000000003712,00061.272630
0000000003713,00061.287669
0000000003714,00061.302631
0000000003715,00061.322645
0000000003716,00061.337651
0000000003717,00061.352599
0000000003718,00061.367635
0000000003719,00061.382618
0000000003720,00061.397641
0000000003721,00061.412631
0000000003722,00061.427607
0000000003723,00061.442659
0000000003724,00061.462616
0000000003725,00061.477650
0000000003726,00061.492632
0000000003727,00061.507659
0000000003728,00061.522632
0000000003729,00061.537709
0000000003730,00061.552627
0000000003731,00061.567598
0000000003732,00061.587617
0000000003733,00061.612676
0000000003734,00061.640428
0000000003735,00061.665968
0000000003736,00061.694438
0000000003737,00061.719300
0000000003738,00061.745343
0000000003739,00061.770904
0000000003740,00061.796622
0000000003741,00061.822053
0000000003742,00061.849238
0000000003743,00061.874260
0000000003744,00061.900849
0000000003745,00061.927013
0000000003746,00061.955931
0000000003747,00061.985143
0000000003748,00062.010487
0000000003749,00062.038116
0000000003750,00062.062777
0000000003751,00062.090995
0000000003752,00062.119986
0000000003753,00062.147963
0000000003754,00062.173257
0000000003755,00062.198689
0000000003756,00062.225018
0000000003757,00062.250019
0000000003758,00062.275195
0000000003759,00062.341815
0000000003760,00062.400029
0000000003761,00062.429111
0000000003762,00062.458169
0000000003763,00062.486204
0000000003764,00062.511359
0000000003765,00062.539854
0000000003766,00062.564756
0000000003767,00062.590454
0000000003768,00062.618309
0000000003769,00062.643288
0000000003770,00062.668812
0000000003771,00062.694076
0000000003772,00062.722486
0000000003773,00062.750265
0000000003774,00062.777189
0000000003775,00062.805003
0000000003776,00062.830954
0000000003777,00062.858799
0000000003778,00062.884025
0000000003779,00062.909307
0000000003780,00062.934551
0000000003781,00062.959673
0000000003782,00062.984663
0000000003783,00063.011836
0000000003784,00063.040209
0000000003785,00063.067976
0000000003786,00063.093317
0000000003787,00063.118964
0000000003788,00063.148071
0000000003789,00063.160682
0000000003790,00063.175702
0000000003791,00063.190714
0000000003792,00063.205753
0000000003793,00063.225706
0000000003794,00063.240683
0000000003795,00063.255731
0000000003796,00063.270750
0000000003797,00063.285676
0000000003798,00063.300655
0000000003799,00063.315694
0000000003800,00063.330702
0000000003801,00063.350701
0000000003802,00063.365682
0000000003803,00063.380692
0000000003804,00063.395696
0000000003805,00063.410732
0000000003806,00063.425685
0000000003807,00063.440708
0000000003808,00063.455662
0000000003809,00063.470720
0000000003810,00063.490714
0000000003811,00063.505726
0000000003812,00063.520689
0000000003813,00063.535699
0000000003814,00063.550739
0000000003815,00063.565766
0000000003816,00063.580679
0000000003817,00063.595722
0000000003818,00063.615725
0000000003819,00063.630711
0000000003820,00063.645705
0000000003821,00063.660720
0000000003822,00063.675693
0000000003823,00063.690660
0000000003824,00063.705780
0000000003825,00063.720701
0000000003826,00063.740703
0000000003827,00063.755707
0000000003828,00063.770690
0000000003829,00063.785734
0000000003830,00063.800715
0000000003831,00063.815688
0000000003832,00063.830808
0000000003833,00063.845686
0000000003834,00063.860717
0000000003835,00063.880765
0000000003836,00063.895707
0000000003837,00063.910695
0000000003838,00063.925862
0000000003839,00063.940716
0000000003840,00063.955799
0000000003841,00063.970685
0000000003842,00063.985690
0000000003843,00064.005723
0000000003844,00064.020710
0000000003845,00064.035696
0000000003846,00064.050731
0000000003847,00064.065750
0000000003848,00064.080723
0000000003849,00064.095690
0000000003850,00064.110679
0000000003851,00064.125725
0000000003852,00064.145715
0000000003853,00064.160781
0000000003854,00064.175737
0000000003855,00064.190704
0000000003856,00064.205785
0000000003857,00064.220715
0000000003858,00064.235731
0000000003859,00064.250785
0000000003860,00064.270744
0000000003861,00064.285705
0000000003862,00064.300749
0000000003863,00064.315725
0000000003864,00064.330724
0000000003865,00064.345760
0000000003866,00064.360784
0000000003867,00064.375716
0000000003868,00064.395767
0000000003869,00064.410760
0000000003870,00064.425739
0000000003871,00064.440680
0000000003872,00064.455728
0000000003873,00064.470741
0000000003874,00064.485798
0000000003875,00064.500822
0000000003876,00064.515733
0000000003877,00064.535793
0000000003878,00064.550727
0000000003879,00064.565837
0000000003880,00064.581769
0000000003881,00064.596724
0000000003882,00064.611718
0000000003883,00064.626736
0000000003884,00064.641761
0000000003885,00064.656727
0000000003886,00064.671745
0000000003887,00064.691739
0000000003888,00064.706765
0000000003889,00064.721842
0000000003890,00064.736771
0000000003891,00064.751709
0000000003892,00064.766748
0000000003893,00064.781729
0000000003894,00064.796719
0000000003895,00064.816780
0000000003896,00064.831769
0000000003897,00064.846734
0000000003898,00064.861827
0000000003899,00064.876743
0000000003900,00064.891735
0000000003901,00064.906719
0000000003902,00064.921828
0000000003903,00064.941778
0000000003904,00064.956725
0000000003905,00064.971734
0000000003906,00064.986724
0000000003907,00065.001749
0000000003908,00065.016755
0000000003909,00065.031761
0000000003910,00065.046775
0000000003911,00065.061820
0000000003912,00065.081784
0000000003913,00065.096735
0000000003914,00065.111730
0000000003915,00065.126778
0000000003916,00065.141761
0000000003917,00065.157746
0000000003918,00065.172758
0000000003919,00065.187765
0000000003920,00065.202767
0000000003921,00065.217766
0000000003922,00065.237761
0000000003923,00065.252743
0000000003924,00065.267718
0000000003925,00065.282814
0000000003926,00065.297768
0000000003927,00065.312761
0000000003928,00065.327737
0000000003929,00065.342736
0000000003930,00065.362766
0000000003931,00065.377735
0000000003932,00065.392736
0000000003933,00065.407856
0000000003934,00065.422779
0000000003935,00065.437775
0000000003936,00065.452720
0000000003937,00065.467761
0000000003938,00065.487766
0000000003939,00065.502813
0000000003940,00065.517756
0000000003941,00065.545253
0000000003942,00065.571064
0000000003943,00065.596432
0000000003944,00065.623172
0000000003945,00065.652168
0000000003946,00065.680443
0000000003947,00065.705894
0000000003948,00065.732684
0000000003949,00065.757676
0000000003950,00065.783123
0000000003951,00065.808204
0000000003952,00065.835513
0000000003953,00065.863293
0000000003954,00065.890774
0000000003955,00065.919635
0000000003956,00065.946833
0000000003957,00065.975964
0000000003958,00066.002009
0000000003959,00066.055822
0000000003960,00066.086416
0000000003961,00066.113612
0000000003962,00066.142481
0000000003963,00066.168540
0000000003964,00066.199239
0000000003965,00066.224536
0000000003966,00066.251703
0000000003967,00066.277003
0000000003968,00066.305581
0000000003969,00066.333601
0000000003970,00066.361388
0000000003971,00066.386592
0000000003972,00066.412167
0000000003973,00066.437132
0000000003974,00066.462552
0000000003975,00066.487756
0000000003976,00066.514471
0000000003977,00066.540601
0000000003978,00066.567716
0000000003979,00066.593426
0000000003980,00066.619927
0000000003981,00066.645372
0000000003982,00066.669650
0000000003983,00066.697572
0000000003984,00066.726240
0000000003985,00066.752075
0000000003986,00066.776939
0000000003987,00066.804463
0000000003988,00066.832887
0000000003989,00066.861486
0000000003990,00066.888659
0000000003991,00066.913381
0000000003992,00066.940155
0000000003993,00066.965097
0000000003994,00066.992668
0000000003995,00067.021202
0000000003996,00067.046112
0000000003997,00067.074013
0000000003998,00067.102228
0000000003999,00067.127841
0000000004000,00067.153039
0000000004001,00067.179636
0000000004002,00067.205238
0000000004003,00067.231372
0000000004004,00067.256711
0000000004005,00067.284240
0000000004006,00067.312349
0000000004007,00067.340549
0000000004008,00067.366155
0000000004009,00067.393274
0000000004010,00067.418434
0000000004011,00067.445727
0000000004012,00067.470879
0000000004013,00067.497221
0000000004014,00067.521882
0000000004015,00067.551191
0000000004016,00067.576026
0000000004017,00067.603161
0000000004018,00067.629605
0000000004019,00067.654788
0000000004020,00067.682035
0000000004021,00067.708778
0000000004022,00067.734646
0000000004023,00067.759827
0000000004024,00067.787269
0000000004025,00067.812606
0000000004026,00067.838067
0000000004027,00067.865967
0000000004028,00067.893803
0000000004029,00067.919542
0000000004030,00067.944345
0000000004031,00067.969235
0000000004032,00067.993732
0000000004033,00068.022280
0000000004034,00068.050354
0000000004035,00068.075329
0000000004036,00068.103347
0000000004037,00068.127918
0000000004038,00068.154863
0000000004039,00068.180613
0000000004040,00068.207079
0000000004041,00068.232022
0000000004042,00068.259085
0000000004043,00068.284516
0000000004044,00068.313170
0000000004045,00068.340769
0000000004046,00068.368615
0000000004047,00068.395972
0000000004048,00068.422088
0000000004049,00068.455009
0000000004050,00068.480751
0000000004051,00068.505682
0000000004052,00068.534610
0000000004053,00068.559888
0000000004054,00068.588156
0000000004055,00068.615025
0000000004056,00068.640164
0000000004057,00068.652862
0000000004058,00068.667855
0000000004059,00068.682828
0000000004060,00068.697859
0000000004061,00068.712978
0000000004062,00068.727829
0000000004063,00068.747861
0000000004064,00068.762955
0000000004065,00068.777860
0000000004066,00068.792919
0000000004067,00068.807842
0000000004068,00068.822885
0000000004069,00068.837830
0000000004070,00068.852837
0000000004071,00068.872848
0000000004072,00068.887879
0000000004073,00068.902865
0000000004074,00068.917907
0000000004075,00068.932871
0000000004076,00068.947835
0000000004077,00068.962874
0000000004078,00068.977870
0000000004079,00068.992933
0000000004080,00069.012851
0000000004081,00069.027933
0000000004082,00069.042850
0000000004083,00069.057822
0000000004084,00069.072912
0000000004085,00069.087856
0000000004086,00069.102855
0000000004087,00069.117857
0000000004088,00069.137879
0000000004089,00069.152885
0000000004090,00069.167895
0000000004091,00069.183013
0000000004092,00069.197879
0000000004093,00069.212902
0000000004094,00069.227902
0000000004095,00069.242857
0000000004096,00069.262902
0000000004097,00069.277878
0000000004098,00069.292905
0000000004099,00069.307849
0000000004100,00069.322881
0000000004101,00069.337876
0000000004102,00069.352850
0000000004103,00069.368001
0000000004104,00069.382895
0000000004105,00069.402841
0000000004106,00069.417860
0000000004107,00069.432897
0000000004108,00069.447879
0000000004109,00069.462877
0000000004110,00069.477894
0000000004111,00069.492955
0000000004112,00069.507872
0000000004113,00069.527865
0000000004114,00069.542945
0000000004115,00069.557895
0000000004116,00069.572854
0000000004117,00069.587861
0000000004118,00069.602882
0000000004119,00069.617876
0000000004120,00069.632886
0000000004121,00069.652867
0000000004122,00069.667893
0000000004123,00069.682879
0000000004124,00069.697836
0000000004125,00069.712906
0000000004126,00069.727890
0000000004127,00069.742869
0000000004128,00069.757855
0000000004129,00069.772851
0000000004130,00069.792997
0000000004131,00069.807868
0000000004132,00069.822935
0000000004133,00069.837895
0000000004134,00069.852943
0000000004135,00069.867848
0000000004136,00069.882893
0000000004137,00069.897890
0000000004138,00069.917942
0000000004139,00069.932906
0000000004140,00069.948936
0000000004141,00069.963915
0000000004142,00069.978924
0000000004143,00069.993871
0000000004144,00070.008894
0000000004145,00070.023857
0000000004146,00070.038875
0000000004147,00070.053931
0000000004148,00070.073903
0000000004149,00070.088888
0000000004150,00070.103895
0000000004151,00070.118920
0000000004152,00070.133908
0000000004153,00070.148995
0000000004154,00070.163921
0000000004155,00070.178898
0000000004156,00070.198947
0000000004157,00070.213947
0000000004158,00070.228901
0000000004159,00070.276929
0000000004160,00070.290063
0000000004161,00070.304769
0000000004162,00070.319787
0000000004163,00070.334860
0000000004164,00070.354798
0000000004165,00070.369762
0000000004166,00070.384810
0000000004167,00070.399873
0000000004168,00070.414816
0000000004169,00070.429848
0000000004170,00070.444807
0000000004171,00070.459840
0000000004172,00070.474880
0000000004173,00070.494884
0000000004174,00070.509780
0000000004175,00070.524881
0000000004176,00070.539863
0000000004177,00070.554879
0000000004178,00070.569766
0000000004179,00070.584789
0000000004180,00070.599778
0000000004181,00070.619859
0000000004182,00070.634783
0000000004183,00070.649870
0000000004184,00070.664798
0000000004185,00070.679777
0000000004186,00070.694828
0000000004187,00070.709891
0000000004188,00070.724814
0000000004189,00070.744904
0000000004190,00070.759827
0000000004191,00070.774851
0000000004192,00070.789825
0000000004193,00070.804794
0000000004194,00070.819881
0000000004195,00070.835880
0000000004196,00070.850770
0000000004197,00070.865913
0000000004198,00070.880852
0000000004199,00070.900763
0000000004200,00070.915884
0000000004201,00070.930791
0000000004202,00070.945823
0000000004203,00070.960906
0000000004204,00070.975865
0000000004205,00070.990917
0000000004206,00071.015392
0000000004207,00071.043855
0000000004208,00071.068408
0000000004209,00071.095869
0000000004210,00071.121470
0000000004211,00071.147996
0000000004212,00071.172302
0000000004213,00071.198220
0000000004214,00071.223407
0000000004215,00071.251078
0000000004216,00071.280117
0000000004217,00071.306642
0000000004218,00071.332453
0000000004219,00071.360965
0000000004220,00071.386212
0000000004221,00071.411927
0000000004222,00071.436425
0000000004223,00071.461488
0000000004224,00071.488409
0000000004225,00071.516817
0000000004226,00071.542236
0000000004227,00071.568044
0000000004228,00071.593006
0000000004229,00071.618318
0000000004230,00071.642884
0000000004231,00071.667912
0000000004232,00071.694854
0000000004233,00071.719714
0000000004234,00071.744947
0000000004235,00071.769397
0000000004236,00071.797481
0000000004237,00071.826254
0000000004238,00071.852058
0000000004239,00071.876524
0000000004240,00071.901685
0000000004241,00071.927242
0000000004242,00071.951951
0000000004243,00071.979000
0000000004244,00072.003676
0000000004245,00072.029408
0000000004246,00072.054494
0000000004247,00072.079255
0000000004248,00072.104216
0000000004249,00072.128937
0000000004250,00072.159406
0000000004251,00072.186568
0000000004252,00072.211519
0000000004253,00072.238685
0000000004254,00072.266874
0000000004255,00072.292102
0000000004256,00072.320255
0000000004257,00072.344943
0000000004258,00072.370120
0000000004259,00072.398170
0000000004260,00072.424284
0000000004261,00072.452801
0000000004262,00072.479476
0000000004263,00072.506723
0000000004264,00072.533378
0000000004265,00072.560673
0000000004266,00072.567895
0000000004267,00072.582056
0000000004268,00072.596977
0000000004269,00072.612056
0000000004270,00072.632075
0000000004271,00072.646939
0000000004272,00072.661982
0000000004273,00072.677035
0000000004274,00072.691940
0000000004275,00072.706970
0000000004276,00072.721993
0000000004277,00072.736995
0000000004278,00072.757001
0000000004279,00072.771998
0000000004280,00072.787009
0000000004281,00072.801980
0000000004282,00072.817033
0000000004283,00072.832002
0000000004284,00072.846985
0000000004285,00072.861985
0000000004286,00072.881997
0000000004287,00072.897041
0000000004288,00072.911991
0000000004289,00072.926967
0000000004290,00072.942016
0000000004291,00072.956998
0000000004292,00072.972979
0000000004293,00072.988025
0000000004294,00073.003061
0000000004295,00073.018075
0000000004296,00073.037986
0000000004297,00073.052974
0000000004298,00073.067995
0000000004299,00073.083038
0000000004300,00073.098017
0000000004301,00073.113054
0000000004302,00073.127987
0000000004303,00073.143035
0000000004304,00073.158030
0000000004305,00073.178019
0000000004306,00073.193126
0000000004307,00073.208005
0000000004308,00073.223059
0000000004309,00073.238076
0000000004310,00073.252976
0000000004311,00073.267970
0000000004312,00073.283046
0000000004313,00073.303017
0000000004314,00073.318005
0000000004315,00073.333066
0000000004316,00073.348029
0000000004317,00073.363032
0000000004318,00073.378031
0000000004319,00073.393004
0000000004320,00073.408022
0000000004321,00073.428020
0000000004322,00073.443057
0000000004323,00073.457996
0000000004324,00073.473001
0000000004325,00073.488054
0000000004326,00073.503035
0000000004327,00073.518016
0000000004328,00073.533117
0000000004329,00073.548021
0000000004330,00073.568009
0000000004331,00073.583163
0000000004332,00073.599003
0000000004333,00073.614003
0000000004334,00073.629022
0000000004335,00073.644077
0000000004336,00073.659050
0000000004337,00073.674025
0000000004338,00073.689085
0000000004339,00073.704060
0000000004340,00073.724022
0000000004341,00073.739041
0000000004342,00073.754137
0000000004343,00073.769032
0000000004344,00073.784041
0000000004345,00073.798999
0000000004346,00073.814121
0000000004347,00073.829063
0000000004348,00073.849062
0000000004349,00073.864121
0000000004350,00073.879108
0000000004351,00073.894080
0000000004352,00073.909056
0000000004353,00073.925050
0000000004354,00073.940096
0000000004355,00073.955054
0000000004356,00073.970039
0000000004357,00073.985041
0000000004358,00074.005063
0000000004359,00074.043726
0000000004360,00074.052503
0000000004361,00074.065024
0000000004362,00074.079939
0000000004363,00074.094975
0000000004364,00074.109996
0000000004365,00074.130032
0000000004366,00074.144979
0000000004367,00074.160042
0000000004368,00074.175037
0000000004369,00074.190022
0000000004370,00074.204949
0000000004371,00074.219953
0000000004372,00074.235930
0000000004373,00074.251055
0000000004374,00074.266013
0000000004375,00074.285935
0000000004376,00074.301029
0000000004377,00074.316049
0000000004378,00074.331048
0000000004379,00074.346028
0000000004380,00074.360940
0000000004381,00074.376048
0000000004382,00074.390958
0000000004383,00074.405993
0000000004384,00074.425895
0000000004385,00074.440953
0000000004386,00074.456142
0000000004387,00074.471020
0000000004388,00074.485981
0000000004389,00074.500932
0000000004390,00074.515976
0000000004391,00074.531012
0000000004392,00074.550948
0000000004393,00074.565849
0000000004394,00074.581027
0000000004395,00074.595948
0000000004396,00074.610940
0000000004397,00074.625991
0000000004398,00074.641040
0000000004399,00074.656110
0000000004400,00074.676043
0000000004401,00074.691019
0000000004402,00074.705943
0000000004403,00074.720999
0000000004404,00074.735942
0000000004405,00074.750968
0000000004406,00074.765943
0000000004407,00074.781026
0000000004408,00074.795979
0000000004409,00074.816001
0000000004410,00074.831060
0000000004411,00074.846095
0000000004412,00074.861059
0000000004413,00074.876019
0000000004414,00074.890997
0000000004415,00074.906007
0000000004416,00074.921071
0000000004417,00074.948574
0000000004418,00074.977079
0000000004419,00075.002645
0000000004420,00075.028813
0000000004421,00075.054674
0000000004422,00075.081018
0000000004423,00075.105359
0000000004424,00075.130935
0000000004425,00075.157005
0000000004426,00075.184914
0000000004427,00075.212759
0000000004428,00075.240217
0000000004429,00075.266467
0000000004430,00075.291340
0000000004431,00075.319079
0000000004432,00075.344456
0000000004433,00075.369173
0000000004434,00075.396838
0000000004435,00075.422888
0000000004436,00075.447934
0000000004437,00075.472967
0000000004438,00075.500443
0000000004439,00075.528407
0000000004440,00075.553734
0000000004441,00075.578912
0000000004442,00075.605238
0000000004443,00075.630400
0000000004444,00075.656609
0000000004445,00075.683393
0000000004446,00075.708218
0000000004447,00075.735789
0000000004448,00075.760084
0000000004449,00075.789096
0000000004450,00075.814243
0000000004451,00075.840397
0000000004452,00075.872935
0000000004453,00075.903838
0000000004454,00075.931706
0000000004455,00075.960407
0000000004456,00075.985376
0000000004457,00076.010461
0000000004458,00076.035315
0000000004459,00076.060590
0000000004460,00076.085581
0000000004461,00076.110864
0000000004462,00076.135255
0000000004463,00076.160477
0000000004464,00076.188122
0000000004465,00076.212868
0000000004466,00076.240362
0000000004467,00076.264793
0000000004468,00076.293048
0000000004469,00076.321629
0000000004470,00076.348967
0000000004471,00076.374303
0000000004472,00076.402294
0000000004473,00076.430210
0000000004474,00076.458152
0000000004475,00076.483933
0000000004476,00076.508748
0000000004477,00076.536409
0000000004478,00076.562041
0000000004479,00076.588163
0000000004480,00076.617247
0000000004481,00076.646018
0000000004482,00076.672097
0000000004483,00076.696646
0000000004484,00076.721954
0000000004485,00076.749391
0000000004486,00076.775026
0000000004487,00076.800382
0000000004488,00076.827004
0000000004489,00076.852074
0000000004490,00076.877017
0000000004491,00076.905269
0000000004492,00076.929832
0000000004493,00076.958813
0000000004494,00076.987468
0000000004495,00077.013145
0000000004496,00077.039899
0000000004497,00077.066754
0000000004498,00077.093307
0000000004499,00077.117774
0000000004500,00077.143099
0000000004501,00077.168373
0000000004502,00077.192682
0000000004503,00077.218349
0000000004504,00077.245233
0000000004505,00077.270316
0000000004506,00077.295550
0000000004507,00077.320033
0000000004508,00077.348792
0000000004509,00077.376464
0000000004510,00077.402867
0000000004511,00077.427596
0000000004512,00077.454391
0000000004513,00077.482045
0000000004514,00077.506949
0000000004515,00077.532194
0000000004516,00077.557071
0000000004517,00077.583765
0000000004518,00077.609328
0000000004519,00077.634294
0000000004520,00077.659286
0000000004521,00077.684547
0000000004522,00077.709962
0000000004523,00077.735309
0000000004524,00077.759927
0000000004525,00077.786916
0000000004526,00077.815273
0000000004527,00077.840066
0000000004528,00077.864975
0000000004529,00077.893492
0000000004530,00077.919181
0000000004531,00077.945353
0000000004532,00077.973364
0000000004533,00078.000259
0000000004534,00078.026622
0000000004535,00078.053292
0000000004536,00078.060518
0000000004537,00078.072212
0000000004538,00078.092170
0000000004539,00078.107241
0000000004540,00078.122196
0000000004541,00078.137181
0000000004542,00078.152209
0000000004543,00078.167169
0000000004544,00078.182306
0000000004545,00078.197172
0000000004546,00078.217183
0000000004547,00078.232223
0000000004548,00078.247206
0000000004549,00078.262197
0000000004550,00078.277229
0000000004551,00078.292211
0000000004552,00078.307160
0000000004553,00078.322219
0000000004554,00078.337212
0000000004555,00078.357197
0000000004556,00078.372314
0000000004557,00078.387199
0000000004558,00078.402186
0000000004559,00078.454678
0000000004560,00078.486458
0000000004561,00078.495279
0000000004562,00078.513225
0000000004563,00078.528250
0000000004564,00078.543195
0000000004565,00078.558210
0000000004566,00078.573277
0000000004567,00078.588227
0000000004568,00078.603242
0000000004569,00078.618219
0000000004570,00078.638214
0000000004571,00078.653198
0000000004572,00078.668217
0000000004573,00078.683186
0000000004574,00078.698188
0000000004575,00078.713278
0000000004576,00078.728222
0000000004577,00078.743217
0000000004578,00078.763223
0000000004579,00078.778220
0000000004580,00078.793213
0000000004581,00078.808287
0000000004582,00078.823204
0000000004583,00078.838189
0000000004584,00078.853189
0000000004585,00078.868234
0000000004586,00078.883231
0000000004587,00078.903239
0000000004588,00078.918264
0000000004589,00078.933213
0000000004590,00078.948196
0000000004591,00078.963239
0000000004592,00078.978202
0000000004593,00078.993230
0000000004594,00079.008274
0000000004595,00079.028214
0000000004596,00079.043208
0000000004597,00079.058238
0000000004598,00079.073239
0000000004599,00079.088198
0000000004600,00079.103236
0000000004601,00079.118201
0000000004602,00079.133214
0000000004603,00079.153244
0000000004604,00079.168213
0000000004605,00079.183242
0000000004606,00079.198240
0000000004607,00079.213256
0000000004608,00079.228233
0000000004609,00079.243194
0000000004610,00079.258255
0000000004611,00079.273224
0000000004612,00079.293266
0000000004613,00079.308242
0000000004614,00079.323262
0000000004615,00079.338235
0000000004616,00079.353239
0000000004617,00079.368298
0000000004618,00079.383238
0000000004619,00079.398178
0000000004620,00079.418266
0000000004621,00079.433264
0000000004622,00079.448195
0000000004623,00079.463237
0000000004624,00079.478252
0000000004625,00079.493281
0000000004626,00079.508296
0000000004627,00079.523251
0000000004628,00079.543251
0000000004629,00079.558249
0000000004630,00079.573261
0000000004631,00079.588235
0000000004632,00079.603243
0000000004633,00079.618244
0000000004634,00079.633261
0000000004635,00079.648209
0000000004636,00079.663305
0000000004637,00079.683251
0000000004638,00079.698253
0000000004639,00079.713287
0000000004640,00079.728237
0000000004641,00079.743279
0000000004642,00079.758273
0000000004643,00079.773269
0000000004644,00079.788240
0000000004645,00079.808275
0000000004646,00079.823277
0000000004647,00079.838234
0000000004648,00079.853221
0000000004649,00079.868286
0000000004650,00079.883259
0000000004651,00079.898203
0000000004652,00079.913276
0000000004653,00079.928295
0000000004654,00079.948240
0000000004655,00079.963261
0000000004656,00079.978262
0000000004657,00079.993249
0000000004658,00080.008253
0000000004659,00080.023302
0000000004660,00080.038231
0000000004661,00080.053252
0000000004662,00080.073277
0000000004663,00080.088250
0000000004664,00080.103218
0000000004665,00080.118330
0000000004666,00080.133255
0000000004667,00080.148213
0000000004668,00080.163309
0000000004669,00080.178242
0000000004670,00080.198237
0000000004671,00080.213272
0000000004672,00080.228275
0000000004673,00080.243240
0000000004674,00080.258290
0000000004675,00080.273261
0000000004676,00080.288279
0000000004677,00080.303272
0000000004678,00080.318280
0000000004679,00080.338261
0000000004680,00080.353264
0000000004681,00080.368294
0000000004682,00080.383265
0000000004683,00080.398234
0000000004684,00080.426412
0000000004685,00080.454766
0000000004686,00080.480394
0000000004687,00080.505783
0000000004688,00080.532374
0000000004689,00080.561008
0000000004690,00080.585645
0000000004691,00080.610520
0000000004692,00080.635746
0000000004693,00080.660961
0000000004694,00080.688058
0000000004695,00080.713285
0000000004696,00080.737816
0000000004697,00080.766580
0000000004698,00080.791682
0000000004699,00080.816454
0000000004700,00080.843845
0000000004701,00080.869299
0000000004702,00080.895825
0000000004703,00080.920814
0000000004704,00080.946300
0000000004705,00080.971801
0000000004706,00080.996933
0000000004707,00081.021494
0000000004708,00081.049726
0000000004709,00081.074457
0000000004710,00081.100122
0000000004711,00081.128192
0000000004712,00081.156937
0000000004713,00081.183853
0000000004714,00081.209817
0000000004715,00081.234616
0000000004716,00081.263105
0000000004717,00081.288320
0000000004718,00081.312950
0000000004719,00081.338732
0000000004720,00081.365256
0000000004721,00081.393899
0000000004722,00081.421021
0000000004723,00081.446291
0000000004724,00081.470893
0000000004725,00081.498194
0000000004726,00081.524586
0000000004727,00081.549017
0000000004728,00081.574075
0000000004729,00081.599449
0000000004730,00081.624098
0000000004731,00081.649788
0000000004732,00081.674568
0000000004733,00081.699381
0000000004734,00081.725717
0000000004735,00081.750725
0000000004736,00081.776035
0000000004737,00081.800984
0000000004738,00081.836620
0000000004739,00081.863272
0000000004740,00081.890089
0000000004741,00081.915490
0000000004742,00081.940421
0000000004743,00081.966119
0000000004744,00081.973658
0000000004745,00081.988299
0000000004746,00082.003323
0000000004747,00082.023316
0000000004748,00082.038371
0000000004749,00082.053295
0000000004750,00082.068329
0000000004751,00082.083332
0000000004752,00082.098304
0000000004753,00082.113314
0000000004754,00082.128335
0000000004755,00082.148319
0000000004756,00082.163314
0000000004757,00082.178369
0000000004758,00082.193381
0000000004759,00082.227922
0000000004760,00082.238280
0000000004761,00082.253308
0000000004762,00082.268230
0000000004763,00082.288260
0000000004764,00082.303204
0000000004765,00082.318167
0000000004766,00082.333189
0000000004767,00082.348220
0000000004768,00082.363201
0000000004769,00082.378195
0000000004770,00082.393289
0000000004771,00082.413228
0000000004772,00082.428278
0000000004773,00082.443204
0000000004774,00082.458265
0000000004775,00082.473189
0000000004776,00082.488208
0000000004777,00082.503218
0000000004778,00082.518204
0000000004779,00082.538226
0000000004780,00082.553288
0000000004781,00082.568205
0000000004782,00082.583176
0000000004783,00082.598224
0000000004784,00082.613219
0000000004785,00082.628263
0000000004786,00082.643163
0000000004787,00082.658223
0000000004788,00082.678225
0000000004789,00082.693380
0000000004790,00082.708213
0000000004791,00082.723260
0000000004792,00082.738256
0000000004793,00082.753227
0000000004794,00082.768217
0000000004795,00082.783232
0000000004796,00082.803288
0000000004797,00082.818269
0000000004798,00082.833295
0000000004799,00082.848316
0000000004800,00082.863216
0000000004801,00082.878209
0000000004802,00082.893269
0000000004803,00082.908289
0000000004804,00082.928224
0000000004805,00082.943238
0000000004806,00082.958249
0000000004807,00082.973353
0000000004808,00082.988269
0000000004809,00083.003187
0000000004810,00083.018292
0000000004811,00083.033264
0000000004812,00083.048188
0000000004813,00083.068251
0000000004814,00083.083253
0000000004815,00083.098225
0000000004816,00083.113305
0000000004817,00083.128274
0000000004818,00083.143248
0000000004819,00083.158244
0000000004820,00083.173320
0000000004821,00083.193267
0000000004822,00083.208602
0000000004823,00083.223250
0000000004824,00083.238269
0000000004825,00083.253403
0000000004826,00083.268203
0000000004827,00083.283315
0000000004828,00083.298195
0000000004829,00083.318279
0000000004830,00083.333248
0000000004831,00083.348276
0000000004832,00083.363258
0000000004833,00083.378319
0000000004834,00083.393267
0000000004835,00083.408316
0000000004836,00083.423278
0000000004837,00083.438230
0000000004838,00083.458286
0000000004839,00083.473265
0000000004840,00083.488250
0000000004841,00083.503284
0000000004842,00083.518283
0000000004843,00083.533351
0000000004844,00083.548366
0000000004845,00083.563345
0000000004846,00083.583304
0000000004847,00083.598281
0000000004848,00083.613219
0000000004849,00083.628291
0000000004850,00083.643269
0000000004851,00083.658319
0000000004852,00083.673245
0000000004853,00083.688345
0000000004854,00083.703297
0000000004855,00083.723305
0000000004856,00083.738309
0000000004857,00083.753211
0000000004858,00083.768245
0000000004859,00083.783304
0000000004860,00083.798339
0000000004861,00083.813211
0000000004862,00083.828264
0000000004863,00083.848251
0000000004864,00083.863278
0000000004865,00083.878382
0000000004866,00083.893276
0000000004867,00083.909234
0000000004868,00083.924329
0000000004869,00083.939326
0000000004870,00083.954343
0000000004871,00083.969251
0000000004872,00083.985351
0000000004873,00084.000273
0000000004874,00084.015218
0000000004875,00084.035376
0000000004876,00084.050327
0000000004877,00084.065271
0000000004878,00084.080267
0000000004879,00084.095322
0000000004880,00084.110254
0000000004881,00084.125262
0000000004882,00084.140291
0000000004883,00084.160390
0000000004884,00084.175241
0000000004885,00084.190382
0000000004886,00084.205287
0000000004887,00084.220273
0000000004888,00084.235264
0000000004889,00084.250365
0000000004890,00084.265400
0000000004891,00084.285414
0000000004892,00084.300264
0000000004893,00084.315315
0000000004894,00084.330418
0000000004895,00084.354598
0000000004896,00084.379897
0000000004897,00084.407183
0000000004898,00084.433821
0000000004899,00084.460785
0000000004900,00084.487318
0000000004901,00084.513564
0000000004902,00084.538975
0000000004903,00084.564277
0000000004904,00084.591495
0000000004905,00084.619868
0000000004906,00084.644287
0000000004907,00084.671635
0000000004908,00084.698538
0000000004909,00084.723632
0000000004910,00084.749998
0000000004911,00084.774736
0000000004912,00084.800911
0000000004913,00084.825881
0000000004914,00084.852634
0000000004915,00084.879127
0000000004916,00084.905289
0000000004917,00084.931850
0000000004918,00084.957896
0000000004919,00084.983600
0000000004920,00085.011944
0000000004921,00085.039119
0000000004922,00085.063537
0000000004923,00085.090564
0000000004924,00085.119032
0000000004925,00085.144546
0000000004926,00085.168987
0000000004927,00085.197418
0000000004928,00085.224725
0000000004929,00085.250913
0000000004930,00085.275522
0000000004931,00085.300252
0000000004932,00085.326188
0000000004933,00085.353359
0000000004934,00085.380459
0000000004935,00085.406953
0000000004936,00085.434031
0000000004937,00085.458690
0000000004938,00085.483597
0000000004939,00085.508491
0000000004940,00085.536636
0000000004941,00085.570077
0000000004942,00085.595292
0000000004943,00085.623045
0000000004944,00085.650263
0000000004945,00085.675058
0000000004946,00085.702988
0000000004947,00085.729139
0000000004948,00085.754113
0000000004949,00085.779951
0000000004950,00085.807100
0000000004951,00085.834647
0000000004952,00085.863119
0000000004953,00085.889734
0000000004954,00085.914209
0000000004955,00085.940059
0000000004956,00085.966939
0000000004957,00085.991357
0000000004958,00086.016812
0000000004959,00086.071020
0000000004960,00086.136424
0000000004961,00086.161533
0000000004962,00086.188364
0000000004963,00086.214278
0000000004964,00086.239414
0000000004965,00086.264646
0000000004966,00086.289276
0000000004967,00086.314471
0000000004968,00086.339992
0000000004969,00086.366559
0000000004970,00086.391312
0000000004971,00086.415632
0000000004972,00086.444274
0000000004973,00086.469244
0000000004974,00086.495778
0000000004975,00086.520725
0000000004976,00086.546374
0000000004977,00086.571129
0000000004978,00086.598898
0000000004979,00086.624407
0000000004980,00086.649945
0000000004981,00086.675023
0000000004982,00086.701575
0000000004983,00086.726627
0000000004984,00086.751740
0000000004985,00086.778106
0000000004986,00086.802859
0000000004987,00086.828451
0000000004988,00086.856114
0000000004989,00086.882904
0000000004990,00086.907602
0000000004991,00086.933009
0000000004992,00086.960650
0000000004993,00086.985898
0000000004994,00087.013193
0000000004995,00087.039760
0000000004996,00087.065144
0000000004997,00087.090489
0000000004998,00087.116032
0000000004999,00087.144130
0000000005000,00087.171383
0000000005001,00087.197879
0000000005002,00087.226394
0000000005003,00087.251599
0000000005004,00087.276220
0000000005005,00087.304253
0000000005006,00087.330109
0000000005007,00087.355616
0000000005008,00087.380514
0000000005009,00087.405773
0000000005010,00087.432675
0000000005011,00087.457600
0000000005012,00087.464892
0000000005013,00087.479528
0000000005014,00087.494519
0000000005015,00087.514550
0000000005016,00087.529547
0000000005017,00087.544512
0000000005018,00087.559505
0000000005019,00087.574528
0000000005020,00087.589518
0000000005021,00087.604522
0000000005022,00087.619538
0000000005023,00087.634523
0000000005024,00087.654525
0000000005025,00087.669552
0000000005026,00087.684509
0000000005027,00087.699553
0000000005028,00087.714566
0000000005029,00087.729529
0000000005030,00087.744615
0000000005031,00087.759528
0000000005032,00087.779568
0000000005033,00087.794487
0000000005034,00087.809555
0000000005035,00087.824571
0000000005036,00087.839519
0000000005037,00087.854520
0000000005038,00087.869553
0000000005039,00087.884532
0000000005040,00087.904545
0000000005041,00087.919566
0000000005042,00087.934549
0000000005043,00087.949522
0000000005044,00087.964535
0000000005045,00087.979607
0000000005046,00087.994576
0000000005047,00088.009539
0000000005048,00088.024624
0000000005049,00088.044574
0000000005050,00088.059495
0000000005051,00088.074629
0000000005052,00088.089611
0000000005053,00088.104537
0000000005054,00088.119626
0000000005055,00088.134497
0000000005056,00088.149516
0000000005057,00088.169637
0000000005058,00088.184557
0000000005059,00088.199536
0000000005060,00088.214559
0000000005061,00088.229557
0000000005062,00088.244576
0000000005063,00088.259560
0000000005064,00088.274534
0000000005065,00088.294661
0000000005066,00088.309587
0000000005067,00088.324656
0000000005068,00088.339512
0000000005069,00088.354581
0000000005070,00088.369551
0000000005071,00088.384534
0000000005072,00088.399546
0000000005073,00088.414569
0000000005074,00088.434583
0000000005075,00088.449573
0000000005076,00088.464624
0000000005077,00088.479562
0000000005078,00088.494581
0000000005079,00088.509552
0000000005080,00088.524577
0000000005081,00088.539595
0000000005082,00088.559585
0000000005083,00088.574579
0000000005084,00088.589564
0000000005085,00088.604591
0000000005086,00088.619544
0000000005087,00088.634591
0000000005088,00088.649597
0000000005089,00088.664559
0000000005090,00088.684576
0000000005091,00088.699547
0000000005092,00088.714554
0000000005093,00088.729548
0000000005094,00088.744587
0000000005095,00088.759566
0000000005096,00088.774588
0000000005097,00088.789579
0000000005098,00088.804581
0000000005099,00088.824545
0000000005100,00088.839589
0000000005101,00088.854564
0000000005102,00088.869604
0000000005103,00088.884561
0000000005104,00088.899590
0000000005105,00088.914553
0000000005106,00088.929588
0000000005107,00088.949572
0000000005108,00088.964564
0000000005109,00088.979610
0000000005110,00088.994586
0000000005111,00089.009618
0000000005112,00089.024621
0000000005113,00089.039559
0000000005114,00089.054621
0000000005115,00089.074612
0000000005116,00089.089576
0000000005117,00089.104575
0000000005118,00089.119551
0000000005119,00089.134586
0000000005120,00089.149600
0000000005121,00089.164588
0000000005122,00089.179577
0000000005123,00089.194533
0000000005124,00089.214576
0000000005125,00089.229557
0000000005126,00089.244665
0000000005127,00089.259620
0000000005128,00089.274583
0000000005129,00089.289567
0000000005130,00089.304618
0000000005131,00089.319579
0000000005132,00089.339607
0000000005133,00089.354568
0000000005134,00089.369590
0000000005135,00089.384605
0000000005136,00089.399635
0000000005137,00089.414590
0000000005138,00089.429646
0000000005139,00089.444613
0000000005140,00089.464596
0000000005141,00089.479604
0000000005142,00089.494600
0000000005143,00089.509574
0000000005144,00089.524608
0000000005145,00089.539593
0000000005146,00089.554599
0000000005147,00089.569614
0000000005148,00089.584573
0000000005149,00089.604556
0000000005150,00089.619658
0000000005151,00089.635598
0000000005152,00089.650582
0000000005153,00089.665618
0000000005154,00089.680615
0000000005155,00089.695655
0000000005156,00089.710660
0000000005157,00089.725596
0000000005158,00089.740583
0000000005159,00089.774835
0000000005160,00089.783312
0000000005161,00089.790841
0000000005162,00089.805459
0000000005163,00089.831938
0000000005164,00089.858491
0000000005165,00089.882423
0000000005166,00089.910808
0000000005167,00089.935441
0000000005168,00089.960123
0000000005169,00089.984543
0000000005170,00090.008916
0000000005171,00090.033406
0000000005172,00090.060301
0000000005173,00090.085957
0000000005174,00090.110192
0000000005175,00090.136896
0000000005176,00090.163388
0000000005177,00090.187962
0000000005178,00090.212871
0000000005179,00090.240252
0000000005180,00090.264455
0000000005181,00090.289039
0000000005182,00090.316572
0000000005183,00090.345120
0000000005184,00090.369985
0000000005185,00090.394592
0000000005186,00090.421699
0000000005187,00090.446746
0000000005188,00090.474010
0000000005189,00090.499025
0000000005190,00090.524404
0000000005191,00090.551222
0000000005192,00090.580999
0000000005193,00090.606300
0000000005194,00090.631561
0000000005195,00090.658483
0000000005196,00090.685881
0000000005197,00090.713129
0000000005198,00090.739185
0000000005199,00090.764617
0000000005200,00090.789483
0000000005201,00090.817607
0000000005202,00090.843504
0000000005203,00090.868650
0000000005204,00090.893309
0000000005205,00090.921724
0000000005206,00090.949473
0000000005207,00090.975969
0000000005208,00091.000719
0000000005209,00091.025949
0000000005210,00091.051120
0000000005211,00091.078587
0000000005212,00091.103804
0000000005213,00091.129824
0000000005214,00091.157849
0000000005215,00091.182903
0000000005216,00091.207537
0000000005217,00091.232850
0000000005218,00091.257957
0000000005219,00091.286325
0000000005220,00091.311801
0000000005221,00091.338105
0000000005222,00091.365427
0000000005223,00091.372298
0000000005224,00091.380634
0000000005225,00091.395679
0000000005226,00091.410665
0000000005227,00091.425673
0000000005228,00091.445664
0000000005229,00091.460670
0000000005230,00091.475633
0000000005231,00091.490795
0000000005232,00091.505653
0000000005233,00091.520659
0000000005234,00091.535672
0000000005235,00091.550680
0000000005236,00091.565682
0000000005237,00091.585649
0000000005238,00091.600684
0000000005239,00091.615657
0000000005240,00091.630694
0000000005241,00091.645740
0000000005242,00091.660703
0000000005243,00091.675707
0000000005244,00091.690705
0000000005245,00091.710686
0000000005246,00091.725706
0000000005247,00091.740658
0000000005248,00091.756679
0000000005249,00091.771672
0000000005250,00091.786706
0000000005251,00091.801655
0000000005252,00091.816683
0000000005253,00091.831665
0000000005254,00091.846670
0000000005255,00091.866673
0000000005256,00091.881684
0000000005257,00091.896659
0000000005258,00091.911726
0000000005259,00091.926658
0000000005260,00091.941665
0000000005261,00091.956735
0000000005262,00091.971664
0000000005263,00091.991679
0000000005264,00092.006691
0000000005265,00092.021690
0000000005266,00092.036693
0000000005267,00092.051706
0000000005268,00092.066694
0000000005269,00092.081666
0000000005270,00092.096825
0000000005271,00092.111746
0000000005272,00092.131707
0000000005273,00092.146725
0000000005274,00092.162676
0000000005275,00092.177694
0000000005276,00092.192694
0000000005277,00092.208698
0000000005278,00092.223658
0000000005279,00092.238718
0000000005280,00092.253759
0000000005281,00092.268688
0000000005282,00092.283657
0000000005283,00092.303729
0000000005284,00092.318656
0000000005285,00092.333693
0000000005286,00092.348744
0000000005287,00092.363696
0000000005288,00092.378692
0000000005289,00092.393671
0000000005290,00092.408719
0000000005291,00092.423721
0000000005292,00092.443708
0000000005293,00092.458717
0000000005294,00092.473712
0000000005295,00092.488639
0000000005296,00092.503717
0000000005297,00092.518763
0000000005298,00092.533731
0000000005299,00092.548683
0000000005300,00092.568715
0000000005301,00092.583705
0000000005302,00092.598692
0000000005303,00092.613765
0000000005304,00092.629765
0000000005305,00092.644735
0000000005306,00092.659678
0000000005307,00092.674737
0000000005308,00092.689684
0000000005309,00092.704699
0000000005310,00092.724735
0000000005311,00092.739692
0000000005312,00092.754684
0000000005313,00092.769719
0000000005314,00092.784716
0000000005315,00092.799697
0000000005316,00092.814669
0000000005317,00092.829777
0000000005318,00092.849680
0000000005319,00092.864718
0000000005320,00092.879736
0000000005321,00092.894772
0000000005322,00092.909696
0000000005323,00092.924752
0000000005324,00092.939725
0000000005325,00092.954702
0000000005326,00092.969707
0000000005327,00092.989731
0000000005328,00093.004691
0000000005329,00093.019732
0000000005330,00093.034743
0000000005331,00093.049700
0000000005332,00093.064717
0000000005333,00093.079776
0000000005334,00093.094784
0000000005335,00093.114737
0000000005336,00093.129715
0000000005337,00093.144713
0000000005338,00093.159688
0000000005339,00093.174793
0000000005340,00093.189694
0000000005341,00093.204712
0000000005342,00093.219713
0000000005343,00093.239841
0000000005344,00093.254702
0000000005345,00093.269710
0000000005346,00093.284773
0000000005347,00093.299718
0000000005348,00093.314856
0000000005349,00093.329849
0000000005350,00093.344747
0000000005351,00093.359768
0000000005352,00093.379764
0000000005353,00093.394716
0000000005354,00093.409750
0000000005355,00093.424736
0000000005356,00093.439733
0000000005357,00093.454779
0000000005358,00093.469729
0000000005359,00093.546464
0000000005360,00093.556687
0000000005361,00093.564940
0000000005362,00093.579632
0000000005363,00093.594699
0000000005364,00093.609656
0000000005365,00093.629621
0000000005366,00093.644605
0000000005367,00093.659617
0000000005368,00093.674648
0000000005369,00093.689709
0000000005370,00093.704614
0000000005371,00093.719678
0000000005372,00093.744511
0000000005373,00093.772582
0000000005374,00093.797746
0000000005375,00093.822270
0000000005376,00093.848289
0000000005377,00093.874118
0000000005378,00093.899373
0000000005379,00093.925540
0000000005380,00093.949869
0000000005381,00093.977103
0000000005382,00094.001758
0000000005383,00094.026547
0000000005384,00094.051046
0000000005385,00094.075794
0000000005386,00094.100536
0000000005387,00094.125658
0000000005388,00094.149786
0000000005389,00094.176215
0000000005390,00094.200473
0000000005391,00094.229716
0000000005392,00094.254858
0000000005393,00094.281694
0000000005394,00094.306945
0000000005395,00094.332249
0000000005396,00094.358080
0000000005397,00094.383799
0000000005398,00094.408718
0000000005399,00094.435251
0000000005400,00094.463039
0000000005401,00094.488786
0000000005402,00094.513740
0000000005403,00094.539132
0000000005404,00094.565962
0000000005405,00094.593511
0000000005406,00094.620973
0000000005407,00094.648783
0000000005408,00094.677725
0000000005409,00094.704655
0000000005410,00094.732020
0000000005411,00094.756927
0000000005412,00094.782366
0000000005413,00094.809469
0000000005414,00094.834753
0000000005415,00094.859977
0000000005416,00094.887684
0000000005417,00094.912961
0000000005418,00094.939731
0000000005419,00094.964822
0000000005420,00094.990127
0000000005421,00095.015839
0000000005422,00095.042592
0000000005423,00095.071604
0000000005424,00095.097413
0000000005425,00095.123982
0000000005426,00095.151391
0000000005427,00095.178577
0000000005428,00095.205377
0000000005429,00095.229717
0000000005430,00095.264723
0000000005431,00095.289836
0000000005432,00095.314909
0000000005433,00095.339713
0000000005434,00095.368628
0000000005435,00095.395734
0000000005436,00095.423314
0000000005437,00095.447997
0000000005438,00095.475545
0000000005439,00095.502033
0000000005440,00095.527158
0000000005441,00095.555768
0000000005442,00095.581564
0000000005443,00095.606502
0000000005444,00095.635646
0000000005445,00095.660801
0000000005446,00095.686118
0000000005447,00095.710846
0000000005448,00095.738121
0000000005449,00095.764826
0000000005450,00095.792412
0000000005451,00095.821537
0000000005452,00095.848978
0000000005453,00095.875518
0000000005454,00095.903728
0000000005455,00095.929010
0000000005456,00095.956183
0000000005457,00095.981523
0000000005458,00096.006306
0000000005459,00096.032764
0000000005460,00096.057144
0000000005461,00096.082641
0000000005462,00096.107759
0000000005463,00096.134554
0000000005464,00096.163125
0000000005465,00096.189157
0000000005466,00096.215656
0000000005467,00096.243587
0000000005468,00096.270564
0000000005469,00096.295284
0000000005470,00096.320557
0000000005471,00096.346045
0000000005472,00096.373130
0000000005473,00096.398009
0000000005474,00096.423114
0000000005475,00096.447795
0000000005476,00096.475122
0000000005477,00096.500369
0000000005478,00096.525301
0000000005479,00096.552912
0000000005480,00096.578939
0000000005481,00096.604975
0000000005482,00096.630239
0000000005483,00096.655575
0000000005484,00096.681736
0000000005485,00096.709630
0000000005486,00096.735272
0000000005487,00096.760943
0000000005488,00096.788323
0000000005489,00096.813167
0000000005490,00096.839805
0000000005491,00096.866700
0000000005492,00096.874054
0000000005493,00096.886851
0000000005494,00096.901828
0000000005495,00096.916872
0000000005496,00096.936870
0000000005497,00096.951904
0000000005498,00096.966968
0000000005499,00096.981847
0000000005500,00096.996844
0000000005501,00097.011939
0000000005502,00097.026862
0000000005503,00097.041818
0000000005504,00097.056854
0000000005505,00097.076887
0000000005506,00097.091838
0000000005507,00097.106842
0000000005508,00097.121878
0000000005509,00097.136857
0000000005510,00097.151881
0000000005511,00097.166870
0000000005512,00097.181879
0000000005513,00097.201870
0000000005514,00097.216873
0000000005515,00097.231933
0000000005516,00097.246909
0000000005517,00097.261868
0000000005518,00097.276879
0000000005519,00097.291861
0000000005520,00097.306946
0000000005521,00097.326847
0000000005522,00097.341841
0000000005523,00097.356860
0000000005524,00097.371861
0000000005525,00097.386938
0000000005526,00097.401851
0000000005527,00097.416874
0000000005528,00097.431874
0000000005529,00097.446881
0000000005530,00097.466960
0000000005531,00097.481883
0000000005532,00097.496867
0000000005533,00097.511875
0000000005534,00097.526872
0000000005535,00097.541890
0000000005536,00097.556873
0000000005537,00097.571861
0000000005538,00097.591897
0000000005539,00097.606895
0000000005540,00097.621893
0000000005541,00097.636914
0000000005542,00097.651883
0000000005543,00097.666944
0000000005544,00097.681924
0000000005545,00097.696855
0000000005546,00097.716898
0000000005547,00097.731883
0000000005548,00097.746881
0000000005549,00097.761936
0000000005550,00097.776889
0000000005551,00097.791864
0000000005552,00097.806979
0000000005553,00097.821883
0000000005554,00097.836880
0000000005555,00097.856908
0000000005556,00097.871894
0000000005557,00097.886886
0000000005558,00097.901942
0000000005559,00097.935666
0000000005560,00097.946827
0000000005561,00097.961800
0000000005562,00097.981905
0000000005563,00097.996856
0000000005564,00098.011893
0000000005565,00098.026779
0000000005566,00098.041841
0000000005567,00098.056812
0000000005568,00098.071866
0000000005569,00098.086790
0000000005570,00098.106863
0000000005571,00098.121792
0000000005572,00098.136754
0000000005573,00098.151839
0000000005574,00098.166894
0000000005575,00098.181863
0000000005576,00098.196873
0000000005577,00098.211907
0000000005578,00098.226730
0000000005579,00098.246891
0000000005580,00098.261875
0000000005581,00098.276838
0000000005582,00098.291867
0000000005583,00098.306797
0000000005584,00098.321792
0000000005585,00098.336889
0000000005586,00098.351831
0000000005587,00098.371810
0000000005588,00098.386845
0000000005589,00098.401760
0000000005590,00098.416899
0000000005591,00098.431802
0000000005592,00098.446848
0000000005593,00098.461888
0000000005594,00098.476883
0000000005595,00098.496960
0000000005596,00098.511954
0000000005597,00098.526747
0000000005598,00098.541875
0000000005599,00098.556915
0000000005600,00098.571761
0000000005601,00098.586870
0000000005602,00098.601915
0000000005603,00098.617041
0000000005604,00098.636900
0000000005605,00098.651889
0000000005606,00098.666898
0000000005607,00098.681886
0000000005608,00098.696811
0000000005609,00098.711792
0000000005610,00098.726834
0000000005611,00098.741864
0000000005612,00098.761770
0000000005613,00098.776889
0000000005614,00098.791806
0000000005615,00098.807002
0000000005616,00098.821921
0000000005617,00098.836878
0000000005618,00098.851911
0000000005619,00098.866903
0000000005620,00098.886959
0000000005621,00098.901874
0000000005622,00098.916995
0000000005623,00098.931895
0000000005624,00098.946839
0000000005625,00098.961917
0000000005626,00098.976835
0000000005627,00098.991793
0000000005628,00099.006937
0000000005629,00099.026982
0000000005630,00099.041969
0000000005631,00099.058196
0000000005632,00099.072929
0000000005633,00099.087866
0000000005634,00099.103048
0000000005635,00099.118876
0000000005636,00099.133902
0000000005637,00099.148905
0000000005638,00099.163776
0000000005639,00099.178802
0000000005640,00099.199010
0000000005641,00099.223465
0000000005642,00099.248508
0000000005643,00099.275049
0000000005644,00099.301704
0000000005645,00099.327202
0000000005646,00099.354522
0000000005647,00099.383072
0000000005648,00099.411983
0000000005649,00099.439729
0000000005650,00099.465320
0000000005651,00099.491775
0000000005652,00099.516937
0000000005653,00099.544457
0000000005654,00099.571587
0000000005655,00099.596573
0000000005656,00099.625272
0000000005657,00099.652218
0000000005658,00099.676628
0000000005659,00099.704317
0000000005660,00099.733368
0000000005661,00099.760509
0000000005662,00099.785974
0000000005663,00099.811557
0000000005664,00099.837168
0000000005665,00099.862034
0000000005666,00099.887331
0000000005667,00099.911973
0000000005668,00099.937446
0000000005669,00099.963878
0000000005670,00099.988589
0000000005671,00100.015075
0000000005672,00100.044171
0000000005673,00100.071623
0000000005674,00100.098880
0000000005675,00100.126596
0000000005676,00100.152409
0000000005677,00100.177348
0000000005678,00100.202853
0000000005679,00100.228197
0000000005680,00100.252919
0000000005681,00100.281573
0000000005682,00100.309819
0000000005683,00100.335807
0000000005684,00100.360553
0000000005685,00100.389000
0000000005686,00100.417716
0000000005687,00100.442338
0000000005688,00100.468607
0000000005689,00100.493817
0000000005690,00100.518452
0000000005691,00100.543401
0000000005692,00100.569395
0000000005693,00100.597532
0000000005694,00100.624624
0000000005695,00100.649872
0000000005696,00100.676419
0000000005697,00100.701060
0000000005698,00100.727810
0000000005699,00100.752714
0000000005700,00100.781555
