0000000005130,00004.000000
0000000005131,00004.000000
0000000005132,00004.000000
0000000005133,00004.000000
0000000005134,00004.000000
0000000005135,00004.000000
0000000005136,00004.000000
0000000005137,00004.000000
0000000005138,00004.000000
0000000005139,00004.000000
0000000005140,00004.000000
0000000005141,00004.000000
0000000005142,00004.000000
0000000005143,00004.000000
0000000005144,00004.000000
0000000005145,00004.000000
0000000005146,00004.000000
0000000005147,00004.000000
0000000005148,00004.000000
0000000005149,00004.000000
0000000005150,00004.000000
0000000005151,00004.000000
0000000005152,00004.000000
0000000005153,00004.000000
0000000005154,00004.000000
0000000005155,00004.000000
0000000005156,00004.000000
0000000005157,00004.000000
0000000005158,00004.000000
0000000005159,00004.000000
0000000005160,00004.000000
0000000005161,00004.000000
0000000005162,00004.000000
0000000005163,00004.000000
0000000005164,00004.000000
0000000005165,00004.000000
0000000005166,00004.000000
0000000005167,00004.000000
0000000005168,00004.000000
0000000005169,00004.000000
0000000005170,00004.000000
0000000005171,00004.000000
0000000005172,00004.000000
0000000005173,00004.000000
0000000005174,00004.000000
0000000005175,00004.000000
0000000005176,00004.000000
0000000005177,00004.000000
0000000005178,00004.000000
0000000005179,00004.000000
0000000005180,00004.000000
0000000005181,00004.000000
0000000005182,00004.000000
0000000005183,00004.000000
0000000005184,00004.000000
0000000005185,00004.000000
0000000005186,00005.000000
0000000005187,00005.000000
0000000005188,00005.000000
0000000005189,00005.000000
0000000005190,00005.000000
0000000005191,00005.000000
0000000005192,00005.000000
0000000005193,00005.000000
0000000005194,00005.000000
0000000005195,00005.000000
0000000005196,00005.000000
0000000005197,00005.000000
0000000005198,00005.000000
0000000005199,00005.000000
0000000005200,00005.000000
0000000005201,00005.000000
0000000005202,00005.000000
0000000005203,00005.000000
0000000005204,00005.000000
0000000005205,00005.000000
0000000005206,00005.000000
0000000005207,00005.000000
0000000005208,00005.000000
0000000005209,00005.000000
0000000005210,00005.000000
0000000005211,00005.000000
0000000005212,00005.000000
0000000005213,00005.000000
0000000005214,00005.000000
0000000005215,00005.000000
0000000005216,00005.000000
0000000005217,00005.000000
0000000005218,00005.000000
0000000005219,00005.000000
0000000005220,00005.000000
0000000005221,00005.000000
0000000005222,00005.000000
0000000005223,00005.000000
0000000005224,00005.000000
0000000005225,00005.000000
0000000005226,00005.000000
0000000005227,00005.000000
0000000005228,00005.000000
0000000005229,00005.000000
0000000005230,00005.000000
0000000005231,00005.000000
0000000005232,00005.000000
0000000005233,00005.000000
0000000005234,00005.000000
0000000005235,00005.000000
0000000005236,00005.000000
0000000005237,00005.000000
0000000005238,00005.000000
0000000005239,00005.000000
0000000005240,00005.000000
0000000005241,00005.000000
0000000005242,00005.000000
0000000005243,00005.000000
0000000005244,00005.000000
0000000005245,00005.000000
0000000005246,00005.000000
0000000005247,00005.000000
0000000005248,00005.000000
0000000005249,00005.000000
0000000005250,00005.000000
0000000005251,00005.000000
0000000005252,00005.000000
0000000005253,00005.000000
0000000005254,00005.000000
0000000005255,00005.000000
0000000005256,00005.000000
0000000005257,00005.000000
0000000005258,00005.000000
0000000005259,00005.000000
0000000005260,00005.000000
0000000005261,00005.000000
0000000005262,00005.000000
0000000005263,00005.000000
0000000005264,00005.000000
0000000005265,00005.000000
0000000005266,00005.000000
0000000005267,00005.000000
0000000005268,00005.000000
0000000005269,00005.000000
0000000005270,00005.000000
0000000005271,00005.000000
0000000005272,00005.000000
0000000005273,00005.000000
0000000005274,00005.000000
0000000005275,00005.000000
0000000005276,00005.000000
0000000005277,00005.000000
0000000005278,00005.000000
0000000005279,00005.000000
0000000005280,00005.000000
0000000005281,00005.000000
0000000005282,00005.000000
0000000005283,00005.000000
0000000005284,00005.000000
0000000005285,00005.000000
0000000005286,00005.000000
0000000005287,00005.000000
0000000005288,00005.000000
0000000005289,00005.000000
0000000005290,00005.000000
0000000005291,00005.000000
0000000005292,00005.000000
0000000005293,00005.000000
0000000005294,00005.000000
0000000005295,00005.000000
0000000005296,00005.000000
0000000005297,00005.000000
0000000005298,00005.000000
0000000005299,00005.000000
0000000005300,00005.000000
0000000005301,00005.000000
0000000005302,00005.000000
0000000005303,00005.000000
0000000005304,00005.000000
0000000005305,00005.000000
0000000005306,00005.000000
0000000005307,00005.000000
0000000005308,00005.000000
0000000005309,00005.000000
0000000005310,00005.000000
0000000005311,00005.000000
0000000005312,00005.000000
0000000005313,00005.000000
0000000005314,00005.000000
0000000005315,00005.000000
0000000005316,00005.000000
0000000005317,00005.000000
0000000005318,00005.000000
0000000005319,00005.000000
0000000005320,00005.000000
0000000005321,00005.000000
0000000005322,00005.000000
0000000005323,00005.000000
0000000005324,00005.000000
0000000005325,00005.000000
0000000005326,00005.000000
0000000005327,00005.000000
0000000005328,00005.000000
0000000005329,00005.000000
0000000005330,00005.000000
0000000005331,00005.000000
0000000005332,00005.000000
0000000005333,00005.000000
0000000005334,00005.000000
0000000005335,00005.000000
0000000005336,00005.000000
0000000005337,00005.000000
0000000005338,00005.000000
0000000005339,00005.000000
0000000005340,00005.000000
0000000005341,00005.000000
0000000005342,00005.000000
0000000005343,00005.000000
0000000005344,00005.000000
0000000005345,00005.000000
0000000005346,00005.000000
0000000005347,00005.000000
0000000005348,00005.000000
0000000005349,00005.000000
0000000005350,00005.000000
0000000005351,00005.000000
0000000005352,00005.000000
0000000005353,00005.000000
0000000005354,00005.000000
0000000005355,00005.000000
0000000005356,00005.000000
0000000005357,00005.000000
0000000005358,00005.000000
0000000005359,00005.000000
0000000005360,00005.000000
0000000005361,00005.000000
0000000005362,00005.000000
0000000005363,00005.000000
0000000005364,00005.000000
0000000005365,00005.000000
0000000005366,00005.000000
0000000005367,00005.000000
0000000005368,00005.000000
0000000005369,00005.000000
0000000005370,00005.000000
0000000005371,00005.000000
0000000005372,00005.000000
0000000005373,00005.000000
0000000005374,00005.000000
0000000005375,00005.000000
0000000005376,00005.000000
0000000005377,00005.000000
0000000005378,00005.000000
0000000005379,00005.000000
0000000005380,00005.000000
0000000005381,00005.000000
0000000005382,00005.000000
0000000005383,00005.000000
0000000005384,00005.000000
0000000005385,00005.000000
0000000005386,00005.000000
0000000005387,00005.000000
0000000005388,00005.000000
0000000005389,00005.000000
0000000005390,00005.000000
0000000005391,00005.000000
0000000005392,00005.000000
0000000005393,00005.000000
0000000005394,00005.000000
0000000005395,00005.000000
0000000005396,00005.000000
0000000005397,00005.000000
0000000005398,00005.000000
0000000005399,00005.000000
0000000005400,00005.000000
0000000005401,00005.000000
0000000005402,00005.000000
0000000005403,00005.000000
0000000005404,00005.000000
0000000005405,00005.000000
0000000005406,00005.000000
0000000005407,00005.000000
0000000005408,00005.000000
0000000005409,00005.000000
0000000005410,00005.000000
0000000005411,00005.000000
0000000005412,00005.000000
0000000005413,00005.000000
0000000005414,00005.000000
0000000005415,00005.000000
0000000005416,00005.000000
0000000005417,00005.000000
0000000005418,00005.000000
0000000005419,00005.000000
0000000005420,00005.000000
0000000005421,00005.000000
0000000005422,00005.000000
0000000005423,00005.000000
0000000005424,00005.000000
0000000005425,00005.000000
0000000005426,00005.000000
0000000005427,00005.000000
0000000005428,00005.000000
0000000005429,00005.000000
0000000005430,00005.000000
0000000005431,00005.000000
0000000005432,00005.000000
0000000005433,00005.000000
0000000005434,00005.000000
0000000005435,00005.000000
0000000005436,00005.000000
0000000005437,00005.000000
0000000005438,00005.000000
0000000005439,00005.000000
0000000005440,00005.000000
0000000005441,00005.000000
0000000005442,00005.000000
0000000005443,00005.000000
0000000005444,00005.000000
0000000005445,00005.000000
0000000005446,00005.000000
0000000005447,00005.000000
0000000005448,00005.000000
0000000005449,00005.000000
0000000005450,00005.000000
0000000005451,00005.000000
0000000005452,00005.000000
0000000005453,00005.000000
0000000005454,00005.000000
0000000005455,00005.000000
0000000005456,00005.000000
0000000005457,00005.000000
0000000005458,00005.000000
0000000005459,00005.000000
0000000005460,00005.000000
0000000005461,00005.000000
0000000005462,00005.000000
0000000005463,00005.000000
0000000005464,00005.000000
0000000005465,00005.000000
0000000005466,00005.000000
0000000005467,00005.000000
0000000005468,00005.000000
0000000005469,00005.000000
0000000005470,00005.000000
0000000005471,00005.000000
0000000005472,00005.000000
0000000005473,00005.000000
0000000005474,00005.000000
0000000005475,00005.000000
0000000005476,00005.000000
0000000005477,00005.000000
0000000005478,00005.000000
0000000005479,00005.000000
0000000005480,00005.000000
0000000005481,00005.000000
0000000005482,00005.000000
0000000005483,00005.000000
0000000005484,00005.000000
0000000005485,00005.000000
0000000005486,00005.000000
0000000005487,00005.000000
0000000005488,00005.000000
0000000005489,00005.000000
0000000005490,00005.000000
0000000005491,00005.000000
0000000005492,00005.000000
0000000005493,00005.000000
0000000005494,00005.000000
0000000005495,00005.000000
0000000005496,00005.000000
0000000005497,00005.000000
0000000005498,00005.000000
0000000005499,00005.000000
0000000005500,00005.000000
0000000005501,00005.000000
0000000005502,00005.000000
0000000005503,00005.000000
0000000005504,00005.000000
0000000005505,00005.000000
0000000005506,00005.000000
0000000005507,00005.000000
0000000005508,00005.000000
0000000005509,00005.000000
0000000005510,00005.000000
0000000005511,00005.000000
0000000005512,00005.000000
0000000005513,00005.000000
0000000005514,00005.000000
0000000005515,00005.000000
0000000005516,00005.000000
0000000005517,00005.000000
0000000005518,00005.000000
0000000005519,00005.000000
0000000005520,00005.000000
0000000005521,00005.000000
0000000005522,00005.000000
0000000005523,00005.000000
0000000005524,00005.000000
0000000005525,00005.000000
0000000005526,00005.000000
0000000005527,00005.000000
0000000005528,00005.000000
0000000005529,00005.000000
0000000005530,00005.000000
0000000005531,00005.000000
0000000005532,00005.000000
0000000005533,00005.000000
0000000005534,00005.000000
0000000005535,00005.000000
0000000005536,00005.000000
0000000005537,00005.000000
0000000005538,00005.000000
0000000005539,00005.000000
0000000005540,00005.000000
0000000005541,00005.000000
0000000005542,00005.000000
0000000005543,00005.000000
0000000005544,00005.000000
0000000005545,00005.000000
0000000005546,00005.000000
0000000005547,00005.000000
0000000005548,00005.000000
0000000005549,00005.000000
0000000005550,00005.000000
0000000005551,00005.000000
0000000005552,00005.000000
0000000005553,00005.000000
0000000005554,00005.000000
0000000005555,00005.000000
0000000005556,00005.000000
0000000005557,00005.000000
0000000005558,00005.000000
0000000005559,00005.000000
0000000005560,00005.000000
0000000005561,00005.000000
0000000005562,00005.000000
0000000005563,00005.000000
0000000005564,00005.000000
0000000005565,00005.000000
0000000005566,00005.000000
0000000005567,00005.000000
0000000005568,00005.000000
0000000005569,00005.000000
0000000005570,00005.000000
0000000005571,00005.000000
0000000005572,00005.000000
0000000005573,00005.000000
0000000005574,00005.000000
0000000005575,00005.000000
0000000005576,00005.000000
0000000005577,00005.000000
0000000005578,00005.000000
0000000005579,00005.000000
0000000005580,00005.000000
0000000005581,00005.000000
0000000005582,00005.000000
0000000005583,00005.000000
0000000005584,00005.000000
0000000005585,00005.000000
0000000005586,00005.000000
0000000005587,00005.000000
0000000005588,00005.000000
0000000005589,00005.000000
0000000005590,00005.000000
0000000005591,00005.000000
0000000005592,00005.000000
0000000005593,00005.000000
0000000005594,00005.000000
0000000005595,00005.000000
0000000005596,00005.000000
0000000005597,00005.000000
0000000005598,00005.000000
0000000005599,00005.000000
0000000005600,00005.000000
0000000005601,00005.000000
0000000005602,00005.000000
0000000005603,00005.000000
0000000005604,00005.000000
0000000005605,00005.000000
0000000005606,00005.000000
0000000005607,00005.000000
0000000005608,00005.000000
0000000005609,00005.000000
0000000005610,00005.000000
0000000005611,00005.000000
0000000005612,00005.000000
0000000005613,00005.000000
0000000005614,00005.000000
0000000005615,00005.000000
0000000005616,00005.000000
0000000005617,00005.000000
0000000005618,00005.000000
0000000005619,00005.000000
0000000005620,00005.000000
0000000005621,00005.000000
0000000005622,00005.000000
0000000005623,00005.000000
0000000005624,00005.000000
0000000005625,00005.000000
0000000005626,00005.000000
0000000005627,00005.000000
0000000005628,00005.000000
0000000005629,00005.000000
0000000005630,00005.000000
0000000005631,00005.000000
0000000005632,00005.000000
0000000005633,00005.000000
0000000005634,00005.000000
0000000005635,00005.000000
0000000005636,00005.000000
0000000005637,00005.000000
0000000005638,00005.000000
0000000005639,00005.000000
0000000005640,00005.000000
0000000005641,00005.000000
0000000005642,00005.000000
0000000005643,00005.000000
0000000005644,00005.000000
0000000005645,00005.000000
0000000005646,00005.000000
0000000005647,00005.000000
0000000005648,00005.000000
0000000005649,00005.000000
0000000005650,00005.000000
0000000005651,00005.000000
0000000005652,00005.000000
0000000005653,00005.000000
0000000005654,00005.000000
0000000005655,00005.000000
0000000005656,00005.000000
0000000005657,00005.000000
0000000005658,00005.000000
0000000005659,00005.000000
0000000005660,00005.000000
0000000005661,00005.000000
0000000005662,00005.000000
0000000005663,00005.000000
0000000005664,00005.000000
0000000005665,00005.000000
0000000005666,00005.000000
0000000005667,00005.000000
0000000005668,00005.000000
0000000005669,00005.000000
0000000005670,00005.000000
0000000005671,00005.000000
0000000005672,00005.000000
0000000005673,00005.000000
0000000005674,00005.000000
0000000005675,00005.000000
0000000005676,00005.000000
0000000005677,00005.000000
0000000005678,00005.000000
0000000005679,00005.000000
0000000005680,00005.000000
0000000005681,00005.000000
0000000005682,00005.000000
0000000005683,00005.000000
0000000005684,00005.000000
0000000005685,00005.000000
0000000005686,00005.000000
0000000005687,00005.000000
0000000005688,00005.000000
0000000005689,00005.000000
0000000005690,00005.000000
0000000005691,00005.000000
0000000005692,00005.000000
0000000005693,00005.000000
0000000005694,00005.000000
0000000005695,00005.000000
0000000005696,00005.000000
0000000005697,00005.000000
0000000005698,00005.000000
0000000005699,00005.000000
0000000005700,00005.000000
0000000005701,00005.000000
0000000005702,00005.000000
0000000005703,00005.000000
0000000005704,00005.000000
0000000005705,00005.000000
0000000005706,00005.000000
0000000005707,00005.000000
0000000005708,00005.000000
0000000005709,00005.000000
0000000005710,00005.000000
0000000005711,00005.000000
0000000005712,00005.000000
0000000005713,00005.000000
0000000005714,00005.000000
0000000005715,00005.000000
0000000005716,00005.000000
0000000005717,00005.000000
0000000005718,00005.000000
0000000005719,00005.000000
0000000005720,00005.000000
0000000005721,00005.000000
0000000005722,00005.000000
0000000005723,00005.000000
0000000005724,00005.000000
0000000005725,00005.000000
0000000005726,00005.000000
0000000005727,00005.000000
0000000005728,00005.000000
0000000005729,00005.000000
0000000005730,00005.000000
0000000005731,00005.000000
0000000005732,00005.000000
0000000005733,00005.000000
0000000005734,00005.000000
0000000005735,00005.000000
0000000005736,00005.000000
0000000005737,00005.000000
0000000005738,00005.000000
0000000005739,00005.000000
0000000005740,00005.000000
0000000005741,00005.000000
0000000005742,00005.000000
0000000005743,00005.000000
0000000005744,00005.000000
0000000005745,00005.000000
0000000005746,00005.000000
0000000005747,00005.000000
0000000005748,00005.000000
0000000005749,00005.000000
0000000005750,00005.000000
0000000005751,00005.000000
0000000005752,00005.000000
0000000005753,00005.000000
0000000005754,00005.000000
0000000005755,00005.000000
0000000005756,00005.000000
0000000005757,00005.000000
0000000005758,00005.000000
0000000005759,00005.000000
0000000005760,00005.000000
0000000005761,00005.000000
0000000005762,00005.000000
0000000005763,00005.000000
0000000005764,00005.000000
0000000005765,00005.000000
0000000005766,00005.000000
0000000005767,00005.000000
0000000005768,00005.000000
0000000005769,00005.000000
0000000005770,00005.000000
0000000005771,00005.000000
0000000005772,00005.000000
0000000005773,00005.000000
0000000005774,00005.000000
0000000005775,00005.000000
0000000005776,00005.000000
0000000005777,00005.000000
0000000005778,00005.000000
0000000005779,00005.000000
0000000005780,00005.000000
0000000005781,00005.000000
0000000005782,00005.000000
0000000005783,00005.000000
0000000005784,00005.000000
0000000005785,00005.000000
0000000005786,00005.000000
0000000005787,00005.000000
0000000005788,00005.000000
0000000005789,00005.000000
0000000005790,00005.000000
0000000005791,00005.000000
0000000005792,00005.000000
0000000005793,00005.000000
0000000005794,00005.000000
0000000005795,00005.000000
0000000005796,00005.000000
0000000005797,00005.000000
0000000005798,00005.000000
0000000005799,00005.000000
0000000005800,00005.000000
0000000005801,00005.000000
0000000005802,00005.000000
0000000005803,00005.000000
0000000005804,00005.000000
0000000005805,00005.000000
0000000005806,00005.000000
0000000005807,00005.000000
0000000005808,00005.000000
0000000005809,00005.000000
0000000005810,00005.000000
0000000005811,00005.000000
0000000005812,00005.000000
0000000005813,00005.000000
0000000005814,00005.000000
0000000005815,00005.000000
0000000005816,00005.000000
0000000005817,00005.000000
0000000005818,00005.000000
0000000005819,00005.000000
0000000005820,00005.000000
0000000005821,00005.000000
0000000005822,00005.000000
0000000005823,00005.000000
0000000005824,00005.000000
0000000005825,00005.000000
0000000005826,00005.000000
0000000005827,00005.000000
0000000005828,00005.000000
0000000005829,00005.000000
0000000005830,00005.000000
0000000005831,00005.000000
0000000005832,00005.000000
0000000005833,00005.000000
0000000005834,00005.000000
0000000005835,00005.000000
0000000005836,00005.000000
0000000005837,00005.000000
0000000005838,00005.000000
0000000005839,00005.000000
0000000005840,00005.000000
0000000005841,00005.000000
0000000005842,00005.000000
0000000005843,00005.000000
0000000005844,00005.000000
0000000005845,00005.000000
0000000005846,00005.000000
0000000005847,00005.000000
0000000005848,00005.000000
0000000005849,00005.000000
0000000005850,00005.000000
0000000005851,00005.000000
0000000005852,00005.000000
0000000005853,00005.000000
0000000005854,00005.000000
0000000005855,00005.000000
0000000005856,00005.000000
0000000005857,00005.000000
0000000005858,00005.000000
0000000005859,00005.000000
0000000005860,00005.000000
0000000005861,00005.000000
0000000005862,00005.000000
0000000005863,00005.000000
0000000005864,00005.000000
0000000005865,00005.000000
0000000005866,00005.000000
0000000005867,00005.000000
0000000005868,00005.000000
0000000005869,00005.000000
0000000005870,00005.000000
0000000005871,00005.000000
0000000005872,00005.000000
0000000005873,00005.000000
0000000005874,00005.000000
0000000005875,00005.000000
0000000005876,00005.000000
0000000005877,00005.000000
0000000005878,00005.000000
0000000005879,00005.000000
0000000005880,00005.000000
0000000005881,00005.000000
0000000005882,00005.000000
0000000005883,00005.000000
0000000005884,00005.000000
0000000005885,00005.000000
0000000005886,00005.000000
0000000005887,00005.000000
0000000005888,00005.000000
0000000005889,00005.000000
0000000005890,00005.000000
0000000005891,00005.000000
0000000005892,00005.000000
0000000005893,00005.000000
0000000005894,00005.000000
0000000005895,00005.000000
0000000005896,00005.000000
0000000005897,00005.000000
0000000005898,00005.000000
0000000005899,00005.000000
0000000005900,00005.000000
0000000005901,00005.000000
0000000005902,00005.000000
0000000005903,00005.000000
0000000005904,00005.000000
0000000005905,00005.000000
0000000005906,00005.000000
0000000005907,00005.000000
0000000005908,00005.000000
0000000005909,00005.000000
0000000005910,00005.000000
0000000005911,00005.000000
0000000005912,00005.000000
0000000005913,00005.000000
0000000005914,00005.000000
0000000005915,00005.000000
0000000005916,00005.000000
0000000005917,00005.000000
0000000005918,00005.000000
0000000005919,00005.000000
0000000005920,00005.000000
0000000005921,00005.000000
0000000005922,00005.000000
0000000005923,00005.000000
0000000005924,00005.000000
0000000005925,00005.000000
0000000005926,00005.000000
0000000005927,00005.000000
0000000005928,00005.000000
0000000005929,00005.000000
0000000005930,00005.000000
0000000005931,00005.000000
0000000005932,00005.000000
0000000005933,00005.000000
0000000005934,00005.000000
0000000005935,00005.000000
0000000005936,00005.000000
0000000005937,00005.000000
0000000005938,00005.000000
0000000005939,00005.000000
0000000005940,00005.000000
0000000005941,00005.000000
0000000005942,00005.000000
0000000005943,00005.000000
0000000005944,00005.000000
0000000005945,00005.000000
0000000005946,00005.000000
0000000005947,00005.000000
0000000005948,00005.000000
0000000005949,00005.000000
0000000005950,00005.000000
0000000005951,00005.000000
0000000005952,00005.000000
0000000005953,00005.000000
0000000005954,00005.000000
0000000005955,00005.000000
0000000005956,00005.000000
0000000005957,00005.000000
0000000005958,00005.000000
0000000005959,00005.000000
0000000005960,00005.000000
0000000005961,00005.000000
0000000005962,00005.000000
0000000005963,00005.000000
0000000005964,00005.000000
0000000005965,00005.000000
0000000005966,00005.000000
0000000005967,00005.000000
0000000005968,00005.000000
0000000005969,00005.000000
0000000005970,00005.000000
0000000005971,00005.000000
0000000005972,00005.000000
0000000005973,00005.000000
0000000005974,00005.000000
0000000005975,00005.000000
0000000005976,00005.000000
0000000005977,00005.000000
0000000005978,00005.000000
0000000005979,00005.000000
0000000005980,00005.000000
0000000005981,00005.000000
0000000005982,00005.000000
0000000005983,00005.000000
0000000005984,00005.000000
0000000005985,00005.000000
0000000005986,00005.000000
0000000005987,00005.000000
0000000005988,00005.000000
0000000005989,00005.000000
0000000005990,00005.000000
0000000005991,00005.000000
0000000005992,00005.000000
0000000005993,00005.000000
0000000005994,00005.000000
0000000005995,00005.000000
0000000005996,00005.000000
0000000005997,00005.000000
0000000005998,00005.000000
0000000005999,00005.000000
0000000006000,00005.000000
0000000006001,00005.000000
0000000006002,00005.000000
0000000006003,00005.000000
0000000006004,00005.000000
0000000006005,00005.000000
0000000006006,00005.000000
0000000006007,00005.000000
0000000006008,00005.000000
0000000006009,00005.000000
0000000006010,00005.000000
0000000006011,00005.000000
0000000006012,00005.000000
0000000006013,00005.000000
0000000006014,00005.000000
0000000006015,00005.000000
0000000006016,00005.000000
0000000006017,00005.000000
0000000006018,00005.000000
0000000006019,00005.000000
0000000006020,00005.000000
0000000006021,00005.000000
0000000006022,00005.000000
0000000006023,00005.000000
0000000006024,00005.000000
0000000006025,00005.000000
0000000006026,00005.000000
0000000006027,00005.000000
0000000006028,00005.000000
0000000006029,00005.000000
0000000006030,00005.000000
0000000006031,00005.000000
0000000006032,00005.000000
0000000006033,00005.000000
0000000006034,00005.000000
0000000006035,00005.000000
0000000006036,00005.000000
0000000006037,00005.000000
0000000006038,00005.000000
0000000006039,00005.000000
0000000006040,00005.000000
0000000006041,00005.000000
0000000006042,00005.000000
0000000006043,00005.000000
0000000006044,00005.000000
0000000006045,00005.000000
0000000006046,00005.000000
0000000006047,00005.000000
0000000006048,00005.000000
0000000006049,00005.000000
0000000006050,00005.000000
0000000006051,00005.000000
0000000006052,00005.000000
0000000006053,00005.000000
0000000006054,00005.000000
0000000006055,00005.000000
0000000006056,00005.000000
0000000006057,00005.000000
0000000006058,00005.000000
0000000006059,00005.000000
0000000006060,00005.000000
0000000006061,00005.000000
0000000006062,00005.000000
0000000006063,00005.000000
0000000006064,00005.000000
0000000006065,00005.000000
0000000006066,00005.000000
0000000006067,00005.000000
0000000006068,00005.000000
0000000006069,00005.000000
0000000006070,00005.000000
0000000006071,00005.000000
0000000006072,00005.000000
0000000006073,00005.000000
0000000006074,00005.000000
0000000006075,00005.000000
0000000006076,00005.000000
0000000006077,00005.000000
0000000006078,00005.000000
0000000006079,00005.000000
0000000006080,00005.000000
0000000006081,00005.000000
0000000006082,00005.000000
0000000006083,00005.000000
0000000006084,00005.000000
0000000006085,00005.000000
0000000006086,00005.000000
0000000006087,00005.000000
0000000006088,00005.000000
0000000006089,00005.000000
0000000006090,00005.000000
0000000006091,00005.000000
0000000006092,00005.000000
0000000006093,00005.000000
0000000006094,00005.000000
0000000006095,00005.000000
0000000006096,00005.000000
0000000006097,00005.000000
0000000006098,00005.000000
0000000006099,00005.000000
0000000006100,00005.000000
0000000006101,00005.000000
0000000006102,00005.000000
0000000006103,00005.000000
0000000006104,00005.000000
0000000006105,00005.000000
0000000006106,00005.000000
0000000006107,00005.000000
0000000006108,00005.000000
0000000006109,00005.000000
0000000006110,00005.000000
0000000006111,00005.000000
0000000006112,00005.000000
0000000006113,00005.000000
0000000006114,00005.000000
0000000006115,00005.000000
0000000006116,00005.000000
0000000006117,00005.000000
0000000006118,00005.000000
0000000006119,00005.000000
0000000006120,00005.000000
0000000006121,00005.000000
0000000006122,00005.000000
0000000006123,00005.000000
0000000006124,00005.000000
0000000006125,00005.000000
0000000006126,00005.000000
0000000006127,00005.000000
0000000006128,00005.000000
0000000006129,00005.000000
0000000006130,00005.000000
0000000006131,00005.000000
0000000006132,00005.000000
0000000006133,00005.000000
0000000006134,00005.000000
0000000006135,00005.000000
0000000006136,00005.000000
0000000006137,00005.000000
0000000006138,00005.000000
0000000006139,00005.000000
0000000006140,00005.000000
0000000006141,00005.000000
0000000006142,00005.000000
0000000006143,00005.000000
0000000006144,00005.000000
0000000006145,00005.000000
0000000006146,00005.000000
0000000006147,00005.000000
0000000006148,00005.000000
0000000006149,00005.000000
0000000006150,00005.000000
0000000006151,00005.000000
0000000006152,00005.000000
0000000006153,00005.000000
0000000006154,00005.000000
0000000006155,00005.000000
0000000006156,00005.000000
0000000006157,00005.000000
0000000006158,00005.000000
0000000006159,00005.000000
0000000006160,00005.000000
0000000006161,00005.000000
0000000006162,00005.000000
0000000006163,00005.000000
0000000006164,00005.000000
0000000006165,00005.000000
0000000006166,00005.000000
0000000006167,00005.000000
0000000006168,00005.000000
0000000006169,00005.000000
0000000006170,00005.000000
0000000006171,00005.000000
0000000006172,00005.000000
0000000006173,00005.000000
0000000006174,00005.000000
0000000006175,00005.000000
0000000006176,00005.000000
0000000006177,00005.000000
0000000006178,00005.000000
0000000006179,00005.000000
0000000006180,00005.000000
0000000006181,00005.000000
0000000006182,00005.000000
0000000006183,00005.000000
0000000006184,00005.000000
0000000006185,00005.000000
0000000006186,00005.000000
0000000006187,00005.000000
0000000006188,00005.000000
0000000006189,00005.000000
0000000006190,00005.000000
0000000006191,00005.000000
0000000006192,00005.000000
0000000006193,00005.000000
0000000006194,00005.000000
0000000006195,00005.000000
0000000006196,00005.000000
0000000006197,00005.000000
0000000006198,00005.000000
0000000006199,00005.000000
0000000006200,00005.000000
0000000006201,00005.000000
0000000006202,00005.000000
0000000006203,00005.000000
0000000006204,00005.000000
0000000006205,00005.000000
0000000006206,00005.000000
0000000006207,00005.000000
0000000006208,00005.000000
0000000006209,00005.000000
0000000006210,00005.000000
0000000006211,00005.000000
0000000006212,00005.000000
0000000006213,00005.000000
0000000006214,00005.000000
0000000006215,00005.000000
0000000006216,00005.000000
0000000006217,00005.000000
0000000006218,00005.000000
0000000006219,00005.000000
0000000006220,00005.000000
0000000006221,00005.000000
0000000006222,00005.000000
0000000006223,00005.000000
0000000006224,00005.000000
0000000006225,00005.000000
0000000006226,00005.000000
0000000006227,00005.000000
0000000006228,00005.000000
0000000006229,00005.000000
0000000006230,00005.000000
0000000006231,00005.000000
0000000006232,00005.000000
0000000006233,00005.000000
0000000006234,00005.000000
0000000006235,00005.000000
0000000006236,00005.000000
0000000006237,00005.000000
0000000006238,00005.000000
0000000006239,00005.000000
0000000006240,00005.000000
0000000006241,00005.000000
0000000006242,00005.000000
0000000006243,00005.000000
0000000006244,00005.000000
0000000006245,00005.000000
0000000006246,00005.000000
0000000006247,00005.000000
0000000006248,00005.000000
0000000006249,00005.000000
0000000006250,00005.000000
0000000006251,00005.000000
0000000006252,00005.000000
0000000006253,00005.000000
0000000006254,00005.000000
0000000006255,00005.000000
0000000006256,00005.000000
0000000006257,00005.000000
0000000006258,00005.000000
0000000006259,00005.000000
0000000006260,00005.000000
0000000006261,00005.000000
0000000006262,00005.000000
0000000006263,00005.000000
0000000006264,00005.000000
0000000006265,00005.000000
0000000006266,00005.000000
0000000006267,00005.000000
0000000006268,00005.000000
0000000006269,00005.000000
0000000006270,00005.000000
0000000006271,00005.000000
0000000006272,00005.000000
0000000006273,00005.000000
0000000006274,00005.000000
0000000006275,00005.000000
0000000006276,00005.000000
0000000006277,00005.000000
0000000006278,00005.000000
0000000006279,00005.000000
0000000006280,00005.000000
0000000006281,00005.000000
0000000006282,00005.000000
0000000006283,00005.000000
0000000006284,00005.000000
0000000006285,00005.000000
0000000006286,00005.000000
0000000006287,00005.000000
0000000006288,00005.000000
0000000006289,00005.000000
0000000006290,00005.000000
0000000006291,00005.000000
0000000006292,00005.000000
0000000006293,00005.000000
0000000006294,00005.000000
0000000006295,00005.000000
0000000006296,00005.000000
0000000006297,00005.000000
0000000006298,00005.000000
0000000006299,00005.000000
0000000006300,00005.000000
0000000006301,00005.000000
0000000006302,00005.000000
0000000006303,00005.000000
0000000006304,00005.000000
0000000006305,00005.000000
0000000006306,00005.000000
0000000006307,00005.000000
0000000006308,00005.000000
0000000006309,00005.000000
0000000006310,00005.000000
0000000006311,00005.000000
0000000006312,00005.000000
0000000006313,00005.000000
0000000006314,00005.000000
0000000006315,00005.000000
0000000006316,00005.000000
0000000006317,00005.000000
0000000006318,00005.000000
0000000006319,00005.000000
0000000006320,00005.000000
0000000006321,00005.000000
0000000006322,00005.000000
0000000006323,00005.000000
0000000006324,00005.000000
0000000006325,00005.000000
0000000006326,00005.000000
0000000006327,00005.000000
0000000006328,00005.000000
0000000006329,00005.000000
0000000006330,00005.000000
0000000006331,00005.000000
0000000006332,00005.000000
0000000006333,00005.000000
0000000006334,00005.000000
0000000006335,00005.000000
0000000006336,00005.000000
0000000006337,00005.000000
0000000006338,00005.000000
0000000006339,00005.000000
0000000006340,00005.000000
0000000006341,00005.000000
0000000006342,00005.000000
0000000006343,00005.000000
0000000006344,00005.000000
0000000006345,00005.000000
0000000006346,00005.000000
0000000006347,00005.000000
0000000006348,00005.000000
0000000006349,00005.000000
0000000006350,00005.000000
0000000006351,00005.000000
0000000006352,00005.000000
0000000006353,00005.000000
0000000006354,00005.000000
0000000006355,00005.000000
0000000006356,00005.000000
0000000006357,00005.000000
0000000006358,00005.000000
0000000006359,00005.000000
0000000006360,00005.000000
0000000006361,00005.000000
0000000006362,00005.000000
0000000006363,00005.000000
0000000006364,00005.000000
0000000006365,00005.000000
0000000006366,00005.000000
0000000006367,00005.000000
0000000006368,00005.000000
0000000006369,00005.000000
0000000006370,00005.000000
0000000006371,00005.000000
0000000006372,00005.000000
0000000006373,00005.000000
0000000006374,00005.000000
0000000006375,00005.000000
0000000006376,00005.000000
0000000006377,00005.000000
0000000006378,00005.000000
0000000006379,00005.000000
0000000006380,00005.000000
0000000006381,00005.000000
0000000006382,00005.000000
0000000006383,00005.000000
0000000006384,00005.000000
0000000006385,00005.000000
0000000006386,00005.000000
0000000006387,00005.000000
0000000006388,00005.000000
0000000006389,00005.000000
0000000006390,00005.000000
0000000006391,00005.000000
0000000006392,00005.000000
0000000006393,00005.000000
0000000006394,00005.000000
0000000006395,00005.000000
0000000006396,00005.000000
0000000006397,00005.000000
0000000006398,00005.000000
0000000006399,00005.000000
0000000006400,00005.000000
0000000006401,00005.000000
0000000006402,00005.000000
0000000006403,00005.000000
0000000006404,00005.000000
0000000006405,00005.000000
0000000006406,00005.000000
0000000006407,00005.000000
0000000006408,00005.000000
0000000006409,00005.000000
0000000006410,00005.000000
0000000006411,00005.000000
0000000006412,00005.000000
0000000006413,00005.000000
0000000006414,00005.000000
0000000006415,00005.000000
0000000006416,00005.000000
0000000006417,00005.000000
0000000006418,00005.000000
0000000006419,00005.000000
0000000006420,00005.000000
0000000006421,00005.000000
0000000006422,00005.000000
0000000006423,00005.000000
0000000006424,00005.000000
0000000006425,00005.000000
0000000006426,00005.000000
0000000006427,00005.000000
0000000006428,00005.000000
0000000006429,00005.000000
0000000006430,00005.000000
0000000006431,00005.000000
0000000006432,00005.000000
0000000006433,00005.000000
0000000006434,00005.000000
0000000006435,00005.000000
0000000006436,00005.000000
0000000006437,00005.000000
0000000006438,00005.000000
0000000006439,00005.000000
0000000006440,00005.000000
0000000006441,00005.000000
0000000006442,00005.000000
0000000006443,00005.000000
0000000006444,00005.000000
0000000006445,00005.000000
0000000006446,00005.000000
0000000006447,00005.000000
0000000006448,00005.000000
0000000006449,00005.000000
0000000006450,00005.000000
0000000006451,00005.000000
0000000006452,00005.000000
0000000006453,00005.000000
0000000006454,00005.000000
0000000006455,00005.000000
0000000006456,00005.000000
0000000006457,00005.000000
0000000006458,00005.000000
0000000006459,00005.000000
0000000006460,00005.000000
0000000006461,00005.000000
0000000006462,00005.000000
0000000006463,00005.000000
0000000006464,00005.000000
0000000006465,00005.000000
0000000006466,00005.000000
0000000006467,00005.000000
0000000006468,00005.000000
0000000006469,00005.000000
0000000006470,00005.000000
0000000006471,00005.000000
0000000006472,00005.000000
0000000006473,00005.000000
0000000006474,00005.000000
0000000006475,00005.000000
0000000006476,00005.000000
0000000006477,00005.000000
0000000006478,00005.000000
0000000006479,00005.000000
0000000006480,00005.000000
0000000006481,00005.000000
0000000006482,00005.000000
0000000006483,00005.000000
0000000006484,00005.000000
0000000006485,00005.000000
0000000006486,00005.000000
0000000006487,00005.000000
0000000006488,00005.000000
0000000006489,00005.000000
0000000006490,00005.000000
0000000006491,00005.000000
0000000006492,00005.000000
0000000006493,00005.000000
0000000006494,00005.000000
0000000006495,00005.000000
0000000006496,00005.000000
0000000006497,00005.000000
0000000006498,00005.000000
0000000006499,00005.000000
0000000006500,00005.000000
0000000006501,00005.000000
0000000006502,00005.000000
0000000006503,00005.000000
0000000006504,00005.000000
0000000006505,00005.000000
0000000006506,00005.000000
0000000006507,00005.000000
0000000006508,00005.000000
0000000006509,00005.000000
0000000006510,00005.000000
0000000006511,00005.000000
0000000006512,00005.000000
0000000006513,00005.000000
0000000006514,00005.000000
0000000006515,00005.000000
0000000006516,00005.000000
0000000006517,00005.000000
0000000006518,00005.000000
0000000006519,00005.000000
0000000006520,00005.000000
0000000006521,00005.000000
0000000006522,00005.000000
0000000006523,00005.000000
0000000006524,00005.000000
0000000006525,00005.000000
0000000006526,00005.000000
0000000006527,00005.000000
0000000006528,00005.000000
0000000006529,00005.000000
0000000006530,00005.000000
0000000006531,00005.000000
0000000006532,00005.000000
0000000006533,00005.000000
0000000006534,00005.000000
0000000006535,00005.000000
0000000006536,00005.000000
0000000006537,00005.000000
0000000006538,00005.000000
0000000006539,00005.000000
0000000006540,00005.000000
0000000006541,00005.000000
0000000006542,00005.000000
0000000006543,00005.000000
0000000006544,00005.000000
0000000006545,00005.000000
0000000006546,00005.000000
0000000006547,00005.000000
0000000006548,00005.000000
0000000006549,00005.000000
0000000006550,00005.000000
0000000006551,00005.000000
0000000006552,00005.000000
0000000006553,00005.000000
0000000006554,00005.000000
0000000006555,00005.000000
0000000006556,00005.000000
0000000006557,00005.000000
0000000006558,00005.000000
0000000006559,00005.000000
0000000006560,00005.000000
0000000006561,00005.000000
0000000006562,00005.000000
0000000006563,00005.000000
0000000006564,00005.000000
0000000006565,00005.000000
0000000006566,00005.000000
0000000006567,00005.000000
0000000006568,00005.000000
0000000006569,00005.000000
0000000006570,00005.000000
0000000006571,00005.000000
0000000006572,00005.000000
0000000006573,00005.000000
0000000006574,00005.000000
0000000006575,00005.000000
0000000006576,00005.000000
0000000006577,00005.000000
0000000006578,00005.000000
0000000006579,00005.000000
0000000006580,00005.000000
0000000006581,00005.000000
0000000006582,00005.000000
0000000006583,00005.000000
0000000006584,00005.000000
0000000006585,00005.000000
0000000006586,00005.000000
0000000006587,00005.000000
0000000006588,00005.000000
0000000006589,00005.000000
0000000006590,00005.000000
0000000006591,00005.000000
0000000006592,00005.000000
0000000006593,00005.000000
0000000006594,00005.000000
0000000006595,00005.000000
0000000006596,00005.000000
0000000006597,00005.000000
0000000006598,00005.000000
0000000006599,00005.000000
0000000006600,00005.000000
0000000006601,00005.000000
0000000006602,00005.000000
0000000006603,00005.000000
0000000006604,00005.000000
0000000006605,00005.000000
0000000006606,00005.000000
0000000006607,00005.000000
0000000006608,00005.000000
0000000006609,00005.000000
0000000006610,00005.000000
0000000006611,00005.000000
0000000006612,00005.000000
0000000006613,00005.000000
0000000006614,00005.000000
0000000006615,00005.000000
0000000006616,00005.000000
0000000006617,00005.000000
0000000006618,00005.000000
0000000006619,00005.000000
0000000006620,00005.000000
0000000006621,00005.000000
0000000006622,00005.000000
0000000006623,00005.000000
0000000006624,00005.000000
0000000006625,00005.000000
0000000006626,00005.000000
0000000006627,00005.000000
0000000006628,00005.000000
0000000006629,00005.000000
0000000006630,00005.000000
0000000006631,00005.000000
0000000006632,00005.000000
0000000006633,00005.000000
0000000006634,00005.000000
0000000006635,00005.000000
0000000006636,00005.000000
0000000006637,00005.000000
0000000006638,00005.000000
0000000006639,00005.000000
0000000006640,00005.000000
0000000006641,00005.000000
0000000006642,00005.000000
0000000006643,00005.000000
0000000006644,00005.000000
0000000006645,00005.000000
0000000006646,00005.000000
0000000006647,00005.000000
0000000006648,00005.000000
0000000006649,00005.000000
0000000006650,00005.000000
0000000006651,00005.000000
0000000006652,00005.000000
0000000006653,00005.000000
0000000006654,00005.000000
0000000006655,00005.000000
0000000006656,00005.000000
0000000006657,00005.000000
0000000006658,00005.000000
0000000006659,00005.000000
0000000006660,00005.000000
0000000006661,00005.000000
0000000006662,00005.000000
0000000006663,00005.000000
0000000006664,00005.000000
0000000006665,00005.000000
0000000006666,00005.000000
0000000006667,00005.000000
0000000006668,00005.000000
0000000006669,00005.000000
0000000006670,00005.000000
0000000006671,00005.000000
0000000006672,00005.000000
0000000006673,00005.000000
0000000006674,00005.000000
0000000006675,00005.000000
0000000006676,00005.000000
0000000006677,00005.000000
0000000006678,00005.000000
0000000006679,00005.000000
0000000006680,00005.000000
0000000006681,00005.000000
0000000006682,00005.000000
0000000006683,00005.000000
0000000006684,00005.000000
0000000006685,00005.000000
0000000006686,00005.000000
0000000006687,00005.000000
0000000006688,00005.000000
0000000006689,00005.000000
0000000006690,00005.000000
0000000006691,00005.000000
0000000006692,00005.000000
0000000006693,00005.000000
0000000006694,00005.000000
0000000006695,00005.000000
0000000006696,00005.000000
0000000006697,00005.000000
0000000006698,00005.000000
0000000006699,00005.000000
0000000006700,00005.000000
0000000006701,00005.000000
0000000006702,00005.000000
0000000006703,00005.000000
0000000006704,00005.000000
0000000006705,00005.000000
0000000006706,00005.000000
0000000006707,00005.000000
0000000006708,00005.000000
0000000006709,00005.000000
0000000006710,00005.000000
0000000006711,00005.000000
0000000006712,00005.000000
0000000006713,00005.000000
0000000006714,00005.000000
0000000006715,00005.000000
0000000006716,00005.000000
0000000006717,00005.000000
0000000006718,00005.000000
0000000006719,00005.000000
0000000006720,00005.000000
0000000006721,00005.000000
0000000006722,00005.000000
0000000006723,00005.000000
0000000006724,00005.000000
0000000006725,00005.000000
0000000006726,00005.000000
0000000006727,00005.000000
0000000006728,00005.000000
0000000006729,00005.000000
0000000006730,00005.000000
0000000006731,00005.000000
0000000006732,00005.000000
0000000006733,00005.000000
0000000006734,00005.000000
0000000006735,00005.000000
0000000006736,00005.000000
0000000006737,00005.000000
0000000006738,00005.000000
0000000006739,00005.000000
0000000006740,00005.000000
0000000006741,00005.000000
0000000006742,00005.000000
0000000006743,00005.000000
0000000006744,00005.000000
0000000006745,00005.000000
0000000006746,00005.000000
0000000006747,00005.000000
0000000006748,00005.000000
0000000006749,00005.000000
0000000006750,00005.000000
0000000006751,00005.000000
0000000006752,00005.000000
0000000006753,00005.000000
0000000006754,00005.000000
0000000006755,00005.000000
0000000006756,00005.000000
0000000006757,00005.000000
0000000006758,00005.000000
0000000006759,00005.000000
0000000006760,00005.000000
0000000006761,00005.000000
0000000006762,00005.000000
0000000006763,00005.000000
0000000006764,00005.000000
0000000006765,00005.000000
0000000006766,00005.000000
0000000006767,00005.000000
0000000006768,00005.000000
0000000006769,00005.000000
0000000006770,00005.000000
0000000006771,00005.000000
0000000006772,00005.000000
0000000006773,00005.000000
0000000006774,00005.000000
0000000006775,00005.000000
0000000006776,00005.000000
0000000006777,00005.000000
0000000006778,00005.000000
0000000006779,00005.000000
0000000006780,00005.000000
0000000006781,00005.000000
0000000006782,00005.000000
0000000006783,00005.000000
0000000006784,00005.000000
0000000006785,00005.000000
0000000006786,00005.000000
0000000006787,00005.000000
0000000006788,00005.000000
0000000006789,00005.000000
0000000006790,00005.000000
0000000006791,00005.000000
0000000006792,00005.000000
0000000006793,00005.000000
0000000006794,00005.000000
0000000006795,00005.000000
0000000006796,00005.000000
0000000006797,00005.000000
0000000006798,00005.000000
0000000006799,00005.000000
0000000006800,00005.000000
0000000006801,00005.000000
0000000006802,00005.000000
0000000006803,00005.000000
0000000006804,00005.000000
0000000006805,00005.000000
0000000006806,00005.000000
0000000006807,00005.000000
0000000006808,00005.000000
0000000006809,00005.000000
0000000006810,00005.000000
0000000006811,00005.000000
0000000006812,00005.000000
0000000006813,00005.000000
0000000006814,00005.000000
0000000006815,00005.000000
0000000006816,00005.000000
0000000006817,00005.000000
0000000006818,00005.000000
0000000006819,00005.000000
0000000006820,00005.000000
0000000006821,00005.000000
0000000006822,00005.000000
0000000006823,00005.000000
0000000006824,00005.000000
0000000006825,00005.000000
0000000006826,00005.000000
0000000006827,00005.000000
0000000006828,00005.000000
0000000006829,00005.000000
0000000006830,00005.000000
0000000006831,00005.000000
0000000006832,00005.000000
0000000006833,00005.000000
0000000006834,00005.000000
0000000006835,00005.000000
0000000006836,00005.000000
0000000006837,00005.000000
0000000006838,00005.000000
0000000006839,00005.000000
0000000006840,00005.000000
0000000006841,00005.000000
0000000006842,00005.000000
0000000006843,00005.000000
0000000006844,00005.000000
0000000006845,00005.000000
0000000006846,00005.000000
0000000006847,00005.000000
0000000006848,00005.000000
0000000006849,00005.000000
0000000006850,00005.000000
0000000006851,00005.000000
0000000006852,00005.000000
0000000006853,00005.000000
0000000006854,00005.000000
0000000006855,00005.000000
0000000006856,00005.000000
0000000006857,00005.000000
0000000006858,00005.000000
0000000006859,00005.000000
0000000006860,00005.000000
0000000006861,00005.000000
0000000006862,00005.000000
0000000006863,00005.000000
0000000006864,00005.000000
0000000006865,00005.000000
0000000006866,00005.000000
0000000006867,00005.000000
0000000006868,00005.000000
0000000006869,00005.000000
0000000006870,00005.000000
0000000006871,00005.000000
0000000006872,00005.000000
0000000006873,00005.000000
0000000006874,00005.000000
0000000006875,00005.000000
0000000006876,00005.000000
0000000006877,00005.000000
0000000006878,00005.000000
0000000006879,00005.000000
0000000006880,00005.000000
0000000006881,00005.000000
0000000006882,00005.000000
0000000006883,00005.000000
0000000006884,00005.000000
0000000006885,00005.000000
0000000006886,00005.000000
0000000006887,00005.000000
0000000006888,00005.000000
0000000006889,00005.000000
0000000006890,00005.000000
0000000006891,00005.000000
0000000006892,00005.000000
0000000006893,00005.000000
0000000006894,00005.000000
0000000006895,00005.000000
0000000006896,00005.000000
0000000006897,00005.000000
0000000006898,00005.000000
0000000006899,00005.000000
0000000006900,00005.000000
0000000006901,00005.000000
0000000006902,00005.000000
0000000006903,00005.000000
0000000006904,00005.000000
0000000006905,00005.000000
0000000006906,00005.000000
0000000006907,00005.000000
0000000006908,00005.000000
0000000006909,00005.000000
0000000006910,00005.000000
0000000006911,00005.000000
0000000006912,00005.000000
0000000006913,00005.000000
0000000006914,00005.000000
0000000006915,00005.000000
0000000006916,00005.000000
0000000006917,00005.000000
0000000006918,00005.000000
0000000006919,00005.000000
0000000006920,00005.000000
0000000006921,00005.000000
0000000006922,00005.000000
0000000006923,00005.000000
0000000006924,00005.000000
0000000006925,00005.000000
0000000006926,00005.000000
0000000006927,00005.000000
0000000006928,00005.000000
0000000006929,00005.000000
0000000006930,00005.000000
0000000006931,00005.000000
0000000006932,00005.000000
0000000006933,00005.000000
0000000006934,00005.000000
0000000006935,00005.000000
0000000006936,00005.000000
0000000006937,00005.000000
0000000006938,00005.000000
0000000006939,00005.000000
0000000006940,00005.000000
0000000006941,00005.000000
0000000006942,00005.000000
0000000006943,00005.000000
0000000006944,00005.000000
0000000006945,00005.000000
0000000006946,00005.000000
0000000006947,00005.000000
0000000006948,00005.000000
0000000006949,00005.000000
0000000006950,00005.000000
0000000006951,00005.000000
0000000006952,00005.000000
0000000006953,00005.000000
0000000006954,00005.000000
0000000006955,00005.000000
0000000006956,00005.000000
0000000006957,00005.000000
0000000006958,00005.000000
0000000006959,00005.000000
0000000006960,00005.000000
0000000006961,00005.000000
0000000006962,00005.000000
0000000006963,00005.000000
0000000006964,00005.000000
0000000006965,00005.000000
0000000006966,00005.000000
0000000006967,00005.000000
0000000006968,00005.000000
0000000006969,00005.000000
0000000006970,00005.000000
0000000006971,00005.000000
0000000006972,00005.000000
0000000006973,00005.000000
0000000006974,00005.000000
0000000006975,00005.000000
0000000006976,00005.000000
0000000006977,00005.000000
0000000006978,00005.000000
0000000006979,00005.000000
0000000006980,00005.000000
0000000006981,00005.000000
0000000006982,00005.000000
0000000006983,00005.000000
0000000006984,00005.000000
0000000006985,00005.000000
0000000006986,00005.000000
0000000006987,00005.000000
0000000006988,00005.000000
0000000006989,00005.000000
0000000006990,00005.000000
0000000006991,00005.000000
0000000006992,00005.000000
0000000006993,00005.000000
0000000006994,00005.000000
0000000006995,00005.000000
0000000006996,00005.000000
0000000006997,00005.000000
0000000006998,00005.000000
0000000006999,00005.000000
0000000007000,00005.000000
0000000007001,00005.000000
0000000007002,00005.000000
0000000007003,00005.000000
0000000007004,00005.000000
0000000007005,00005.000000
0000000007006,00005.000000
0000000007007,00005.000000
0000000007008,00005.000000
0000000007009,00005.000000
0000000007010,00005.000000
0000000007011,00005.000000
0000000007012,00005.000000
0000000007013,00005.000000
0000000007014,00005.000000
0000000007015,00005.000000
0000000007016,00005.000000
0000000007017,00005.000000
0000000007018,00005.000000
0000000007019,00005.000000
0000000007020,00005.000000
0000000007021,00005.000000
0000000007022,00005.000000
0000000007023,00005.000000
0000000007024,00005.000000
0000000007025,00005.000000
0000000007026,00005.000000
0000000007027,00005.000000
0000000007028,00005.000000
0000000007029,00005.000000
0000000007030,00005.000000
0000000007031,00005.000000
0000000007032,00005.000000
0000000007033,00005.000000
0000000007034,00005.000000
0000000007035,00005.000000
0000000007036,00005.000000
0000000007037,00005.000000
0000000007038,00005.000000
0000000007039,00005.000000
0000000007040,00005.000000
0000000007041,00005.000000
0000000007042,00005.000000
0000000007043,00005.000000
0000000007044,00005.000000
0000000007045,00005.000000
0000000007046,00005.000000
0000000007047,00005.000000
0000000007048,00005.000000
0000000007049,00005.000000
0000000007050,00005.000000
0000000007051,00005.000000
0000000007052,00005.000000
0000000007053,00005.000000
0000000007054,00005.000000
0000000007055,00005.000000
0000000007056,00005.000000
0000000007057,00005.000000
0000000007058,00005.000000
0000000007059,00005.000000
0000000007060,00005.000000
0000000007061,00005.000000
0000000007062,00005.000000
0000000007063,00005.000000
0000000007064,00005.000000
0000000007065,00005.000000
0000000007066,00005.000000
0000000007067,00005.000000
0000000007068,00005.000000
0000000007069,00005.000000
0000000007070,00005.000000
0000000007071,00005.000000
0000000007072,00005.000000
0000000007073,00005.000000
0000000007074,00005.000000
0000000007075,00005.000000
0000000007076,00005.000000
0000000007077,00005.000000
0000000007078,00005.000000
0000000007079,00005.000000
0000000007080,00005.000000
0000000007081,00005.000000
0000000007082,00005.000000
0000000007083,00005.000000
0000000007084,00005.000000
0000000007085,00005.000000
0000000007086,00005.000000
0000000007087,00005.000000
0000000007088,00005.000000
0000000007089,00005.000000
0000000007090,00005.000000
0000000007091,00005.000000
0000000007092,00005.000000
0000000007093,00005.000000
0000000007094,00005.000000
0000000007095,00005.000000
0000000007096,00005.000000
0000000007097,00005.000000
0000000007098,00005.000000
0000000007099,00005.000000
0000000007100,00005.000000
0000000007101,00005.000000
0000000007102,00005.000000
0000000007103,00005.000000
0000000007104,00005.000000
0000000007105,00005.000000
0000000007106,00005.000000
0000000007107,00005.000000
0000000007108,00005.000000
0000000007109,00005.000000
0000000007110,00005.000000
0000000007111,00005.000000
0000000007112,00005.000000
0000000007113,00005.000000
0000000007114,00005.000000
0000000007115,00005.000000
0000000007116,00005.000000
0000000007117,00005.000000
0000000007118,00005.000000
0000000007119,00005.000000
0000000007120,00005.000000
0000000007121,00005.000000
0000000007122,00005.000000
0000000007123,00005.000000
0000000007124,00005.000000
0000000007125,00005.000000
0000000007126,00005.000000
0000000007127,00005.000000
0000000007128,00005.000000
0000000007129,00005.000000
0000000007130,00005.000000
0000000007131,00005.000000
0000000007132,00005.000000
0000000007133,00005.000000
0000000007134,00005.000000
0000000007135,00005.000000
0000000007136,00005.000000
0000000007137,00005.000000
0000000007138,00005.000000
0000000007139,00005.000000
0000000007140,00005.000000
0000000007141,00005.000000
0000000007142,00005.000000
0000000007143,00005.000000
0000000007144,00005.000000
0000000007145,00005.000000
0000000007146,00005.000000
0000000007147,00005.000000
0000000007148,00005.000000
0000000007149,00005.000000
0000000007150,00005.000000
0000000007151,00005.000000
0000000007152,00005.000000
0000000007153,00005.000000
0000000007154,00005.000000
0000000007155,00005.000000
0000000007156,00005.000000
0000000007157,00005.000000
0000000007158,00005.000000
0000000007159,00005.000000
0000000007160,00005.000000
0000000007161,00005.000000
0000000007162,00005.000000
0000000007163,00005.000000
0000000007164,00005.000000
0000000007165,00005.000000
0000000007166,00005.000000
0000000007167,00005.000000
0000000007168,00005.000000
0000000007169,00005.000000
0000000007170,00005.000000
0000000007171,00005.000000
0000000007172,00005.000000
0000000007173,00005.000000
0000000007174,00005.000000
0000000007175,00005.000000
0000000007176,00005.000000
0000000007177,00005.000000
0000000007178,00005.000000
0000000007179,00005.000000
0000000007180,00005.000000
0000000007181,00005.000000
0000000007182,00005.000000
0000000007183,00005.000000
0000000007184,00005.000000
0000000007185,00005.000000
0000000007186,00005.000000
0000000007187,00005.000000
0000000007188,00005.000000
0000000007189,00005.000000
0000000007190,00005.000000
0000000007191,00005.000000
0000000007192,00005.000000
0000000007193,00005.000000
0000000007194,00005.000000
0000000007195,00005.000000
0000000007196,00005.000000
0000000007197,00005.000000
0000000007198,00005.000000
0000000007199,00005.000000
0000000007200,00005.000000
0000000007201,00005.000000
0000000007202,00005.000000
0000000007203,00005.000000
0000000007204,00005.000000
0000000007205,00005.000000
0000000007206,00005.000000
0000000007207,00005.000000
0000000007208,00005.000000
0000000007209,00005.000000
0000000007210,00005.000000
0000000007211,00005.000000
0000000007212,00005.000000
0000000007213,00005.000000
0000000007214,00005.000000
0000000007215,00005.000000
0000000007216,00005.000000
0000000007217,00005.000000
0000000007218,00005.000000
0000000007219,00005.000000
0000000007220,00005.000000
0000000007221,00005.000000
0000000007222,00005.000000
0000000007223,00005.000000
0000000007224,00005.000000
0000000007225,00005.000000
0000000007226,00005.000000
0000000007227,00005.000000
0000000007228,00005.000000
0000000007229,00005.000000
0000000007230,00005.000000
0000000007231,00005.000000
0000000007232,00005.000000
0000000007233,00005.000000
0000000007234,00005.000000
0000000007235,00005.000000
0000000007236,00005.000000
0000000007237,00005.000000
0000000007238,00005.000000
0000000007239,00005.000000
0000000007240,00005.000000
0000000007241,00005.000000
0000000007242,00005.000000
0000000007243,00005.000000
0000000007244,00005.000000
0000000007245,00005.000000
0000000007246,00005.000000
0000000007247,00005.000000
0000000007248,00005.000000
0000000007249,00005.000000
0000000007250,00005.000000
0000000007251,00005.000000
0000000007252,00005.000000
0000000007253,00005.000000
0000000007254,00005.000000
0000000007255,00005.000000
0000000007256,00005.000000
0000000007257,00005.000000
0000000007258,00005.000000
0000000007259,00005.000000
0000000007260,00005.000000
0000000007261,00005.000000
0000000007262,00005.000000
0000000007263,00005.000000
0000000007264,00005.000000
0000000007265,00005.000000
0000000007266,00005.000000
0000000007267,00005.000000
0000000007268,00005.000000
0000000007269,00005.000000
0000000007270,00005.000000
0000000007271,00005.000000
0000000007272,00005.000000
0000000007273,00005.000000
0000000007274,00005.000000
0000000007275,00005.000000
0000000007276,00005.000000
0000000007277,00005.000000
0000000007278,00005.000000
0000000007279,00005.000000
0000000007280,00005.000000
0000000007281,00005.000000
0000000007282,00005.000000
0000000007283,00005.000000
0000000007284,00005.000000
0000000007285,00005.000000
0000000007286,00005.000000
0000000007287,00005.000000
0000000007288,00005.000000
0000000007289,00005.000000
0000000007290,00005.000000
0000000007291,00005.000000
0000000007292,00005.000000
0000000007293,00005.000000
0000000007294,00005.000000
0000000007295,00005.000000
0000000007296,00005.000000
0000000007297,00005.000000
0000000007298,00005.000000
0000000007299,00005.000000
0000000007300,00005.000000
0000000007301,00005.000000
0000000007302,00005.000000
0000000007303,00005.000000
0000000007304,00005.000000
0000000007305,00005.000000
0000000007306,00005.000000
0000000007307,00005.000000
0000000007308,00005.000000
0000000007309,00005.000000
0000000007310,00005.000000
0000000007311,00005.000000
0000000007312,00005.000000
0000000007313,00005.000000
0000000007314,00005.000000
0000000007315,00005.000000
0000000007316,00005.000000
0000000007317,00005.000000
0000000007318,00005.000000
0000000007319,00005.000000
0000000007320,00005.000000
0000000007321,00005.000000
0000000007322,00005.000000
0000000007323,00005.000000
0000000007324,00005.000000
0000000007325,00005.000000
0000000007326,00005.000000
0000000007327,00005.000000
0000000007328,00005.000000
0000000007329,00005.000000
0000000007330,00005.000000
0000000007331,00005.000000
0000000007332,00005.000000
0000000007333,00005.000000
0000000007334,00005.000000
0000000007335,00005.000000
0000000007336,00005.000000
0000000007337,00005.000000
0000000007338,00005.000000
0000000007339,00005.000000
0000000007340,00005.000000
0000000007341,00005.000000
0000000007342,00005.000000
0000000007343,00005.000000
0000000007344,00005.000000
0000000007345,00005.000000
0000000007346,00005.000000
0000000007347,00005.000000
0000000007348,00005.000000
0000000007349,00005.000000
0000000007350,00005.000000
0000000007351,00005.000000
0000000007352,00005.000000
0000000007353,00005.000000
0000000007354,00005.000000
0000000007355,00005.000000
0000000007356,00005.000000
0000000007357,00005.000000
0000000007358,00005.000000
0000000007359,00005.000000
0000000007360,00005.000000
0000000007361,00005.000000
0000000007362,00005.000000
0000000007363,00005.000000
0000000007364,00005.000000
0000000007365,00005.000000
0000000007366,00005.000000
0000000007367,00005.000000
0000000007368,00005.000000
0000000007369,00005.000000
0000000007370,00005.000000
0000000007371,00005.000000
0000000007372,00005.000000
0000000007373,00005.000000
0000000007374,00005.000000
0000000007375,00005.000000
0000000007376,00005.000000
0000000007377,00005.000000
0000000007378,00005.000000
0000000007379,00005.000000
0000000007380,00005.000000
0000000007381,00005.000000
0000000007382,00005.000000
0000000007383,00005.000000
0000000007384,00005.000000
0000000007385,00005.000000
0000000007386,00005.000000
0000000007387,00005.000000
0000000007388,00005.000000
0000000007389,00005.000000
0000000007390,00005.000000
0000000007391,00005.000000
0000000007392,00005.000000
0000000007393,00005.000000
0000000007394,00005.000000
0000000007395,00005.000000
0000000007396,00005.000000
0000000007397,00005.000000
0000000007398,00005.000000
0000000007399,00005.000000
0000000007400,00005.000000
0000000007401,00005.000000
0000000007402,00005.000000
0000000007403,00005.000000
0000000007404,00005.000000
0000000007405,00005.000000
0000000007406,00005.000000
0000000007407,00005.000000
0000000007408,00005.000000
0000000007409,00005.000000
0000000007410,00005.000000
0000000007411,00005.000000
0000000007412,00005.000000
0000000007413,00005.000000
0000000007414,00005.000000
0000000007415,00005.000000
0000000007416,00005.000000
0000000007417,00005.000000
0000000007418,00005.000000
0000000007419,00005.000000
0000000007420,00005.000000
0000000007421,00005.000000
0000000007422,00005.000000
0000000007423,00005.000000
0000000007424,00005.000000
0000000007425,00005.000000
0000000007426,00005.000000
0000000007427,00005.000000
0000000007428,00005.000000
0000000007429,00005.000000
0000000007430,00005.000000
0000000007431,00005.000000
0000000007432,00005.000000
0000000007433,00005.000000
0000000007434,00005.000000
0000000007435,00005.000000
0000000007436,00005.000000
0000000007437,00005.000000
0000000007438,00005.000000
0000000007439,00005.000000
0000000007440,00005.000000
0000000007441,00005.000000
0000000007442,00005.000000
0000000007443,00005.000000
0000000007444,00005.000000
0000000007445,00005.000000
0000000007446,00005.000000
0000000007447,00005.000000
0000000007448,00005.000000
0000000007449,00005.000000
0000000007450,00005.000000
0000000007451,00005.000000
0000000007452,00005.000000
0000000007453,00005.000000
0000000007454,00005.000000
0000000007455,00005.000000
0000000007456,00005.000000
0000000007457,00005.000000
0000000007458,00005.000000
0000000007459,00005.000000
0000000007460,00005.000000
0000000007461,00005.000000
0000000007462,00005.000000
0000000007463,00005.000000
0000000007464,00005.000000
0000000007465,00005.000000
0000000007466,00005.000000
0000000007467,00005.000000
0000000007468,00005.000000
0000000007469,00005.000000
0000000007470,00005.000000
0000000007471,00005.000000
0000000007472,00005.000000
0000000007473,00005.000000
0000000007474,00005.000000
0000000007475,00005.000000
0000000007476,00005.000000
0000000007477,00005.000000
0000000007478,00005.000000
0000000007479,00005.000000
0000000007480,00005.000000
0000000007481,00005.000000
0000000007482,00005.000000
0000000007483,00005.000000
0000000007484,00005.000000
0000000007485,00005.000000
0000000007486,00005.000000
0000000007487,00005.000000
0000000007488,00005.000000
0000000007489,00005.000000
0000000007490,00005.000000
0000000007491,00005.000000
0000000007492,00005.000000
0000000007493,00005.000000
0000000007494,00005.000000
0000000007495,00005.000000
0000000007496,00005.000000
0000000007497,00005.000000
0000000007498,00005.000000
0000000007499,00005.000000
0000000007500,00005.000000
0000000007501,00005.000000
0000000007502,00005.000000
0000000007503,00005.000000
0000000007504,00005.000000
0000000007505,00005.000000
0000000007506,00005.000000
0000000007507,00005.000000
0000000007508,00005.000000
0000000007509,00005.000000
0000000007510,00005.000000
0000000007511,00005.000000
0000000007512,00005.000000
0000000007513,00005.000000
0000000007514,00005.000000
0000000007515,00005.000000
0000000007516,00005.000000
0000000007517,00005.000000
0000000007518,00005.000000
0000000007519,00005.000000
0000000007520,00005.000000
0000000007521,00005.000000
0000000007522,00005.000000
0000000007523,00005.000000
0000000007524,00005.000000
0000000007525,00005.000000
0000000007526,00005.000000
0000000007527,00005.000000
0000000007528,00005.000000
0000000007529,00005.000000
0000000007530,00005.000000
0000000007531,00005.000000
0000000007532,00005.000000
0000000007533,00005.000000
0000000007534,00005.000000
0000000007535,00005.000000
0000000007536,00005.000000
0000000007537,00005.000000
0000000007538,00005.000000
0000000007539,00005.000000
0000000007540,00005.000000
0000000007541,00005.000000
0000000007542,00005.000000
0000000007543,00005.000000
0000000007544,00005.000000
0000000007545,00005.000000
0000000007546,00005.000000
0000000007547,00005.000000
0000000007548,00005.000000
0000000007549,00005.000000
0000000007550,00005.000000
0000000007551,00005.000000
0000000007552,00005.000000
0000000007553,00005.000000
0000000007554,00005.000000
0000000007555,00005.000000
0000000007556,00005.000000
0000000007557,00005.000000
0000000007558,00005.000000
0000000007559,00005.000000
0000000007560,00005.000000
0000000007561,00005.000000
0000000007562,00005.000000
0000000007563,00005.000000
0000000007564,00005.000000
0000000007565,00005.000000
0000000007566,00005.000000
0000000007567,00005.000000
0000000007568,00005.000000
0000000007569,00005.000000
0000000007570,00005.000000
0000000007571,00005.000000
0000000007572,00005.000000
0000000007573,00005.000000
0000000007574,00005.000000
0000000007575,00005.000000
0000000007576,00005.000000
0000000007577,00005.000000
0000000007578,00005.000000
0000000007579,00005.000000
0000000007580,00005.000000
0000000007581,00005.000000
0000000007582,00005.000000
0000000007583,00005.000000
0000000007584,00005.000000
0000000007585,00005.000000
0000000007586,00005.000000
0000000007587,00005.000000
0000000007588,00005.000000
0000000007589,00005.000000
0000000007590,00005.000000
0000000007591,00005.000000
0000000007592,00005.000000
0000000007593,00005.000000
0000000007594,00005.000000
0000000007595,00005.000000
0000000007596,00005.000000
0000000007597,00005.000000
0000000007598,00005.000000
0000000007599,00005.000000
0000000007600,00005.000000
0000000007601,00005.000000
0000000007602,00005.000000
0000000007603,00005.000000
0000000007604,00005.000000
0000000007605,00005.000000
0000000007606,00005.000000
0000000007607,00005.000000
0000000007608,00005.000000
0000000007609,00005.000000
0000000007610,00005.000000
0000000007611,00005.000000
0000000007612,00005.000000
0000000007613,00005.000000
0000000007614,00005.000000
0000000007615,00005.000000
0000000007616,00005.000000
0000000007617,00005.000000
0000000007618,00005.000000
0000000007619,00005.000000
0000000007620,00005.000000
0000000007621,00005.000000
0000000007622,00005.000000
0000000007623,00005.000000
0000000007624,00005.000000
0000000007625,00005.000000
0000000007626,00005.000000
0000000007627,00005.000000
0000000007628,00005.000000
0000000007629,00005.000000
0000000007630,00005.000000
0000000007631,00005.000000
0000000007632,00005.000000
0000000007633,00005.000000
0000000007634,00005.000000
0000000007635,00005.000000
0000000007636,00005.000000
0000000007637,00005.000000
0000000007638,00005.000000
0000000007639,00005.000000
0000000007640,00005.000000
0000000007641,00005.000000
0000000007642,00005.000000
0000000007643,00005.000000
0000000007644,00005.000000
0000000007645,00005.000000
0000000007646,00005.000000
0000000007647,00005.000000
0000000007648,00005.000000
0000000007649,00005.000000
0000000007650,00005.000000
0000000007651,00005.000000
0000000007652,00005.000000
0000000007653,00005.000000
0000000007654,00005.000000
0000000007655,00005.000000
0000000007656,00005.000000
0000000007657,00005.000000
0000000007658,00005.000000
0000000007659,00005.000000
0000000007660,00005.000000
0000000007661,00005.000000
0000000007662,00005.000000
0000000007663,00005.000000
0000000007664,00005.000000
0000000007665,00005.000000
0000000007666,00005.000000
0000000007667,00005.000000
0000000007668,00005.000000
0000000007669,00005.000000
0000000007670,00005.000000
0000000007671,00005.000000
0000000007672,00005.000000
0000000007673,00005.000000
0000000007674,00005.000000
0000000007675,00005.000000
0000000007676,00005.000000
0000000007677,00005.000000
0000000007678,00005.000000
0000000007679,00005.000000
0000000007680,00005.000000
0000000007681,00005.000000
0000000007682,00005.000000
0000000007683,00005.000000
0000000007684,00005.000000
0000000007685,00005.000000
0000000007686,00005.000000
0000000007687,00005.000000
0000000007688,00005.000000
0000000007689,00005.000000
0000000007690,00005.000000
0000000007691,00005.000000
0000000007692,00005.000000
0000000007693,00005.000000
0000000007694,00005.000000
0000000007695,00005.000000
0000000007696,00005.000000
0000000007697,00005.000000
0000000007698,00005.000000
0000000007699,00005.000000
0000000007700,00005.000000
0000000007701,00005.000000
0000000007702,00005.000000
0000000007703,00005.000000
0000000007704,00005.000000
0000000007705,00005.000000
0000000007706,00005.000000
0000000007707,00005.000000
0000000007708,00005.000000
0000000007709,00005.000000
0000000007710,00005.000000
0000000007711,00005.000000
0000000007712,00005.000000
0000000007713,00005.000000
0000000007714,00005.000000
0000000007715,00005.000000
0000000007716,00005.000000
0000000007717,00005.000000
0000000007718,00005.000000
0000000007719,00005.000000
0000000007720,00005.000000
0000000007721,00005.000000
0000000007722,00005.000000
0000000007723,00005.000000
0000000007724,00005.000000
0000000007725,00005.000000
0000000007726,00005.000000
0000000007727,00005.000000
0000000007728,00005.000000
0000000007729,00005.000000
0000000007730,00005.000000
0000000007731,00005.000000
0000000007732,00005.000000
0000000007733,00005.000000
0000000007734,00005.000000
0000000007735,00005.000000
0000000007736,00005.000000
0000000007737,00005.000000
0000000007738,00005.000000
0000000007739,00005.000000
0000000007740,00005.000000
0000000007741,00005.000000
0000000007742,00005.000000
0000000007743,00005.000000
0000000007744,00005.000000
0000000007745,00005.000000
0000000007746,00005.000000
0000000007747,00005.000000
0000000007748,00005.000000
0000000007749,00005.000000
0000000007750,00005.000000
0000000007751,00005.000000
0000000007752,00005.000000
0000000007753,00005.000000
0000000007754,00005.000000
0000000007755,00005.000000
0000000007756,00005.000000
0000000007757,00005.000000
0000000007758,00005.000000
0000000007759,00005.000000
0000000007760,00005.000000
0000000007761,00005.000000
0000000007762,00005.000000
0000000007763,00005.000000
0000000007764,00005.000000
0000000007765,00005.000000
0000000007766,00005.000000
0000000007767,00005.000000
0000000007768,00005.000000
0000000007769,00005.000000
0000000007770,00005.000000
0000000007771,00005.000000
0000000007772,00005.000000
0000000007773,00005.000000
0000000007774,00005.000000
0000000007775,00005.000000
0000000007776,00005.000000
0000000007777,00005.000000
0000000007778,00005.000000
0000000007779,00005.000000
0000000007780,00005.000000
0000000007781,00005.000000
0000000007782,00005.000000
0000000007783,00005.000000
0000000007784,00005.000000
0000000007785,00005.000000
0000000007786,00005.000000
0000000007787,00005.000000
0000000007788,00005.000000
0000000007789,00005.000000
0000000007790,00005.000000
0000000007791,00005.000000
0000000007792,00005.000000
0000000007793,00005.000000
0000000007794,00005.000000
0000000007795,00005.000000
0000000007796,00005.000000
0000000007797,00005.000000
0000000007798,00005.000000
0000000007799,00005.000000
0000000007800,00005.000000
0000000007801,00005.000000
0000000007802,00005.000000
0000000007803,00005.000000
0000000007804,00005.000000
0000000007805,00005.000000
0000000007806,00005.000000
0000000007807,00005.000000
0000000007808,00005.000000
0000000007809,00005.000000
0000000007810,00005.000000
0000000007811,00005.000000
0000000007812,00005.000000
0000000007813,00005.000000
0000000007814,00005.000000
0000000007815,00005.000000
0000000007816,00005.000000
0000000007817,00005.000000
0000000007818,00005.000000
0000000007819,00005.000000
0000000007820,00005.000000
0000000007821,00005.000000
0000000007822,00005.000000
0000000007823,00005.000000
0000000007824,00005.000000
0000000007825,00005.000000
0000000007826,00005.000000
0000000007827,00005.000000
0000000007828,00005.000000
0000000007829,00005.000000
0000000007830,00005.000000
0000000007831,00005.000000
0000000007832,00005.000000
0000000007833,00005.000000
0000000007834,00005.000000
0000000007835,00005.000000
0000000007836,00005.000000
0000000007837,00005.000000
0000000007838,00005.000000
0000000007839,00005.000000
0000000007840,00005.000000
0000000007841,00005.000000
0000000007842,00005.000000
0000000007843,00005.000000
0000000007844,00005.000000
0000000007845,00005.000000
0000000007846,00005.000000
0000000007847,00005.000000
0000000007848,00005.000000
0000000007849,00005.000000
0000000007850,00005.000000
0000000007851,00005.000000
0000000007852,00005.000000
0000000007853,00005.000000
0000000007854,00005.000000
0000000007855,00005.000000
0000000007856,00005.000000
0000000007857,00005.000000
0000000007858,00005.000000
0000000007859,00005.000000
0000000007860,00005.000000
0000000007861,00005.000000
0000000007862,00005.000000
0000000007863,00005.000000
0000000007864,00005.000000
0000000007865,00005.000000
0000000007866,00005.000000
0000000007867,00005.000000
0000000007868,00005.000000
0000000007869,00005.000000
0000000007870,00005.000000
0000000007871,00005.000000
0000000007872,00005.000000
0000000007873,00005.000000
0000000007874,00005.000000
0000000007875,00005.000000
0000000007876,00005.000000
0000000007877,00005.000000
0000000007878,00005.000000
0000000007879,00005.000000
0000000007880,00005.000000
0000000007881,00005.000000
0000000007882,00005.000000
0000000007883,00005.000000
0000000007884,00005.000000
0000000007885,00005.000000
0000000007886,00005.000000
0000000007887,00005.000000
0000000007888,00005.000000
0000000007889,00005.000000
0000000007890,00005.000000
0000000007891,00005.000000
0000000007892,00005.000000
0000000007893,00005.000000
0000000007894,00005.000000
0000000007895,00005.000000
0000000007896,00005.000000
0000000007897,00005.000000
0000000007898,00005.000000
0000000007899,00005.000000
0000000007900,00005.000000
0000000007901,00005.000000
0000000007902,00005.000000
0000000007903,00005.000000
0000000007904,00005.000000
0000000007905,00005.000000
0000000007906,00005.000000
0000000007907,00005.000000
0000000007908,00005.000000
0000000007909,00005.000000
0000000007910,00005.000000
0000000007911,00005.000000
0000000007912,00005.000000
0000000007913,00005.000000
0000000007914,00005.000000
0000000007915,00005.000000
0000000007916,00005.000000
0000000007917,00005.000000
0000000007918,00005.000000
0000000007919,00005.000000
0000000007920,00005.000000
0000000007921,00005.000000
0000000007922,00005.000000
0000000007923,00005.000000
0000000007924,00005.000000
0000000007925,00005.000000
0000000007926,00005.000000
0000000007927,00005.000000
0000000007928,00005.000000
0000000007929,00005.000000
0000000007930,00005.000000
0000000007931,00005.000000
0000000007932,00005.000000
0000000007933,00005.000000
0000000007934,00005.000000
0000000007935,00005.000000
0000000007936,00005.000000
0000000007937,00005.000000
0000000007938,00005.000000
0000000007939,00005.000000
0000000007940,00005.000000
0000000007941,00005.000000
0000000007942,00005.000000
0000000007943,00005.000000
0000000007944,00005.000000
0000000007945,00005.000000
0000000007946,00005.000000
0000000007947,00005.000000
0000000007948,00005.000000
0000000007949,00005.000000
0000000007950,00005.000000
0000000007951,00005.000000
0000000007952,00005.000000
0000000007953,00005.000000
0000000007954,00005.000000
0000000007955,00005.000000
0000000007956,00005.000000
0000000007957,00005.000000
0000000007958,00005.000000
0000000007959,00005.000000
0000000007960,00005.000000
0000000007961,00005.000000
0000000007962,00005.000000
0000000007963,00005.000000
0000000007964,00005.000000
0000000007965,00005.000000
0000000007966,00005.000000
0000000007967,00005.000000
0000000007968,00005.000000
0000000007969,00005.000000
0000000007970,00005.000000
0000000007971,00005.000000
0000000007972,00005.000000
0000000007973,00005.000000
0000000007974,00005.000000
0000000007975,00005.000000
0000000007976,00005.000000
0000000007977,00005.000000
0000000007978,00005.000000
0000000007979,00005.000000
0000000007980,00005.000000
0000000007981,00005.000000
0000000007982,00005.000000
0000000007983,00005.000000
0000000007984,00005.000000
0000000007985,00005.000000
0000000007986,00005.000000
0000000007987,00005.000000
0000000007988,00005.000000
0000000007989,00005.000000
0000000007990,00005.000000
0000000007991,00005.000000
0000000007992,00005.000000
0000000007993,00005.000000
0000000007994,00005.000000
0000000007995,00005.000000
0000000007996,00005.000000
0000000007997,00005.000000
0000000007998,00005.000000
0000000007999,00005.000000
0000000008000,00005.000000
0000000008001,00005.000000
0000000008002,00005.000000
0000000008003,00005.000000
0000000008004,00005.000000
0000000008005,00005.000000
0000000008006,00005.000000
0000000008007,00005.000000
0000000008008,00005.000000
0000000008009,00005.000000
0000000008010,00005.000000
0000000008011,00005.000000
0000000008012,00005.000000
0000000008013,00005.000000
0000000008014,00005.000000
0000000008015,00005.000000
0000000008016,00005.000000
0000000008017,00005.000000
0000000008018,00005.000000
0000000008019,00005.000000
0000000008020,00005.000000
0000000008021,00005.000000
0000000008022,00005.000000
0000000008023,00005.000000
0000000008024,00005.000000
0000000008025,00005.000000
0000000008026,00005.000000
0000000008027,00005.000000
0000000008028,00005.000000
0000000008029,00005.000000
0000000008030,00005.000000
0000000008031,00005.000000
0000000008032,00005.000000
0000000008033,00005.000000
0000000008034,00005.000000
0000000008035,00005.000000
0000000008036,00005.000000
0000000008037,00005.000000
0000000008038,00005.000000
0000000008039,00005.000000
0000000008040,00005.000000
0000000008041,00005.000000
0000000008042,00005.000000
0000000008043,00005.000000
0000000008044,00005.000000
0000000008045,00005.000000
0000000008046,00005.000000
0000000008047,00005.000000
0000000008048,00005.000000
0000000008049,00005.000000
0000000008050,00005.000000
0000000008051,00005.000000
0000000008052,00005.000000
0000000008053,00005.000000
0000000008054,00005.000000
0000000008055,00005.000000
0000000008056,00005.000000
0000000008057,00005.000000
0000000008058,00005.000000
0000000008059,00005.000000
0000000008060,00005.000000
0000000008061,00005.000000
0000000008062,00005.000000
0000000008063,00005.000000
0000000008064,00005.000000
0000000008065,00005.000000
0000000008066,00005.000000
0000000008067,00005.000000
0000000008068,00005.000000
0000000008069,00005.000000
0000000008070,00005.000000
0000000008071,00005.000000
0000000008072,00005.000000
0000000008073,00005.000000
0000000008074,00005.000000
0000000008075,00005.000000
0000000008076,00005.000000
0000000008077,00005.000000
0000000008078,00005.000000
0000000008079,00005.000000
0000000008080,00005.000000
0000000008081,00005.000000
0000000008082,00005.000000
0000000008083,00005.000000
0000000008084,00005.000000
0000000008085,00005.000000
0000000008086,00005.000000
0000000008087,00005.000000
0000000008088,00005.000000
0000000008089,00005.000000
0000000008090,00005.000000
0000000008091,00005.000000
0000000008092,00005.000000
0000000008093,00005.000000
0000000008094,00005.000000
0000000008095,00005.000000
0000000008096,00005.000000
0000000008097,00005.000000
0000000008098,00005.000000
0000000008099,00005.000000
0000000008100,00005.000000
0000000008101,00005.000000
0000000008102,00005.000000
0000000008103,00005.000000
0000000008104,00005.000000
0000000008105,00005.000000
0000000008106,00005.000000
0000000008107,00005.000000
0000000008108,00005.000000
0000000008109,00005.000000
0000000008110,00005.000000
0000000008111,00005.000000
0000000008112,00005.000000
0000000008113,00005.000000
0000000008114,00005.000000
0000000008115,00005.000000
0000000008116,00005.000000
0000000008117,00005.000000
0000000008118,00005.000000
0000000008119,00005.000000
0000000008120,00005.000000
0000000008121,00005.000000
0000000008122,00005.000000
0000000008123,00005.000000
0000000008124,00005.000000
0000000008125,00005.000000
0000000008126,00005.000000
0000000008127,00005.000000
0000000008128,00005.000000
0000000008129,00005.000000
0000000008130,00005.000000
0000000008131,00005.000000
0000000008132,00005.000000
0000000008133,00005.000000
0000000008134,00005.000000
0000000008135,00005.000000
0000000008136,00005.000000
0000000008137,00005.000000
0000000008138,00005.000000
0000000008139,00005.000000
0000000008140,00005.000000
0000000008141,00005.000000
0000000008142,00005.000000
0000000008143,00005.000000
0000000008144,00005.000000
0000000008145,00005.000000
0000000008146,00005.000000
0000000008147,00005.000000
0000000008148,00005.000000
0000000008149,00005.000000
0000000008150,00005.000000
0000000008151,00005.000000
0000000008152,00005.000000
0000000008153,00005.000000
0000000008154,00005.000000
0000000008155,00005.000000
0000000008156,00005.000000
0000000008157,00005.000000
0000000008158,00005.000000
0000000008159,00005.000000
0000000008160,00005.000000
0000000008161,00005.000000
0000000008162,00005.000000
0000000008163,00005.000000
0000000008164,00005.000000
0000000008165,00005.000000
0000000008166,00005.000000
0000000008167,00005.000000
0000000008168,00005.000000
0000000008169,00005.000000
0000000008170,00005.000000
0000000008171,00005.000000
0000000008172,00005.000000
0000000008173,00005.000000
0000000008174,00005.000000
0000000008175,00005.000000
0000000008176,00005.000000
0000000008177,00005.000000
0000000008178,00005.000000
0000000008179,00005.000000
0000000008180,00005.000000
0000000008181,00005.000000
0000000008182,00005.000000
0000000008183,00005.000000
0000000008184,00005.000000
0000000008185,00005.000000
0000000008186,00005.000000
0000000008187,00005.000000
0000000008188,00005.000000
0000000008189,00005.000000
0000000008190,00005.000000
0000000008191,00005.000000
0000000008192,00005.000000
0000000008193,00005.000000
0000000008194,00005.000000
0000000008195,00005.000000
0000000008196,00005.000000
0000000008197,00005.000000
0000000008198,00005.000000
0000000008199,00005.000000
0000000008200,00005.000000
0000000008201,00005.000000
0000000008202,00005.000000
0000000008203,00005.000000
0000000008204,00005.000000
0000000008205,00005.000000
0000000008206,00005.000000
0000000008207,00005.000000
0000000008208,00005.000000
0000000008209,00005.000000
0000000008210,00005.000000
0000000008211,00005.000000
0000000008212,00005.000000
0000000008213,00005.000000
0000000008214,00005.000000
0000000008215,00005.000000
0000000008216,00005.000000
0000000008217,00005.000000
0000000008218,00005.000000
0000000008219,00005.000000
0000000008220,00005.000000
0000000008221,00005.000000
0000000008222,00005.000000
0000000008223,00005.000000
0000000008224,00005.000000
0000000008225,00005.000000
0000000008226,00005.000000
0000000008227,00005.000000
0000000008228,00005.000000
0000000008229,00005.000000
0000000008230,00005.000000
0000000008231,00005.000000
0000000008232,00005.000000
0000000008233,00005.000000
0000000008234,00005.000000
0000000008235,00005.000000
0000000008236,00005.000000
0000000008237,00005.000000
0000000008238,00005.000000
0000000008239,00005.000000
0000000008240,00005.000000
0000000008241,00005.000000
0000000008242,00005.000000
0000000008243,00005.000000
0000000008244,00005.000000
0000000008245,00005.000000
0000000008246,00005.000000
0000000008247,00005.000000
0000000008248,00005.000000
0000000008249,00005.000000
0000000008250,00005.000000
0000000008251,00005.000000
0000000008252,00005.000000
0000000008253,00005.000000
0000000008254,00005.000000
0000000008255,00005.000000
0000000008256,00005.000000
0000000008257,00005.000000
0000000008258,00005.000000
0000000008259,00005.000000
0000000008260,00005.000000
0000000008261,00005.000000
0000000008262,00005.000000
0000000008263,00005.000000
0000000008264,00005.000000
0000000008265,00005.000000
0000000008266,00005.000000
0000000008267,00005.000000
0000000008268,00005.000000
0000000008269,00005.000000
0000000008270,00005.000000
0000000008271,00005.000000
0000000008272,00005.000000
0000000008273,00005.000000
0000000008274,00005.000000
0000000008275,00005.000000
0000000008276,00005.000000
0000000008277,00005.000000
0000000008278,00005.000000
0000000008279,00005.000000
0000000008280,00005.000000
0000000008281,00005.000000
0000000008282,00005.000000
0000000008283,00005.000000
0000000008284,00005.000000
0000000008285,00005.000000
0000000008286,00005.000000
0000000008287,00005.000000
0000000008288,00005.000000
0000000008289,00005.000000
0000000008290,00005.000000
0000000008291,00005.000000
0000000008292,00005.000000
0000000008293,00005.000000
0000000008294,00005.000000
0000000008295,00005.000000
0000000008296,00005.000000
0000000008297,00005.000000
0000000008298,00005.000000
0000000008299,00005.000000
0000000008300,00005.000000
0000000008301,00005.000000
0000000008302,00005.000000
0000000008303,00005.000000
0000000008304,00005.000000
0000000008305,00005.000000
0000000008306,00005.000000
0000000008307,00005.000000
0000000008308,00005.000000
0000000008309,00005.000000
0000000008310,00005.000000
0000000008311,00005.000000
0000000008312,00005.000000
0000000008313,00005.000000
0000000008314,00005.000000
0000000008315,00005.000000
0000000008316,00005.000000
0000000008317,00005.000000
0000000008318,00005.000000
0000000008319,00005.000000
0000000008320,00005.000000
0000000008321,00005.000000
0000000008322,00005.000000
0000000008323,00005.000000
0000000008324,00005.000000
0000000008325,00005.000000
0000000008326,00005.000000
0000000008327,00005.000000
0000000008328,00005.000000
0000000008329,00005.000000
0000000008330,00005.000000
0000000008331,00005.000000
0000000008332,00005.000000
0000000008333,00005.000000
0000000008334,00005.000000
0000000008335,00005.000000
0000000008336,00005.000000
0000000008337,00005.000000
0000000008338,00005.000000
0000000008339,00005.000000
0000000008340,00005.000000
0000000008341,00005.000000
0000000008342,00005.000000
0000000008343,00005.000000
0000000008344,00005.000000
0000000008345,00005.000000
0000000008346,00005.000000
0000000008347,00005.000000
0000000008348,00005.000000
0000000008349,00005.000000
0000000008350,00005.000000
0000000008351,00005.000000
0000000008352,00005.000000
0000000008353,00005.000000
0000000008354,00005.000000
0000000008355,00005.000000
0000000008356,00005.000000
0000000008357,00005.000000
0000000008358,00005.000000
0000000008359,00005.000000
0000000008360,00005.000000
0000000008361,00005.000000
0000000008362,00005.000000
0000000008363,00005.000000
0000000008364,00005.000000
0000000008365,00005.000000
0000000008366,00005.000000
0000000008367,00005.000000
0000000008368,00005.000000
0000000008369,00005.000000
0000000008370,00005.000000
0000000008371,00005.000000
0000000008372,00005.000000
0000000008373,00005.000000
0000000008374,00005.000000
0000000008375,00005.000000
0000000008376,00005.000000
0000000008377,00005.000000
0000000008378,00005.000000
0000000008379,00005.000000
0000000008380,00005.000000
0000000008381,00005.000000
0000000008382,00005.000000
0000000008383,00005.000000
0000000008384,00005.000000
0000000008385,00005.000000
0000000008386,00005.000000
0000000008387,00005.000000
0000000008388,00005.000000
0000000008389,00005.000000
0000000008390,00005.000000
0000000008391,00005.000000
0000000008392,00005.000000
0000000008393,00005.000000
0000000008394,00005.000000
0000000008395,00005.000000
0000000008396,00005.000000
0000000008397,00005.000000
0000000008398,00005.000000
0000000008399,00005.000000
0000000008400,00005.000000
0000000008401,00005.000000
0000000008402,00005.000000
0000000008403,00005.000000
0000000008404,00005.000000
0000000008405,00005.000000
0000000008406,00005.000000
0000000008407,00005.000000
0000000008408,00005.000000
0000000008409,00005.000000
0000000008410,00005.000000
0000000008411,00005.000000
0000000008412,00005.000000
0000000008413,00005.000000
0000000008414,00005.000000
0000000008415,00005.000000
0000000008416,00005.000000
0000000008417,00005.000000
0000000008418,00005.000000
0000000008419,00005.000000
0000000008420,00005.000000
0000000008421,00005.000000
0000000008422,00005.000000
0000000008423,00005.000000
0000000008424,00005.000000
0000000008425,00005.000000
0000000008426,00005.000000
0000000008427,00005.000000
0000000008428,00005.000000
0000000008429,00005.000000
0000000008430,00005.000000
0000000008431,00005.000000
0000000008432,00005.000000
0000000008433,00005.000000
0000000008434,00005.000000
0000000008435,00005.000000
0000000008436,00005.000000
0000000008437,00005.000000
0000000008438,00005.000000
0000000008439,00005.000000
0000000008440,00005.000000
0000000008441,00005.000000
0000000008442,00005.000000
0000000008443,00005.000000
0000000008444,00005.000000
0000000008445,00005.000000
0000000008446,00005.000000
0000000008447,00005.000000
0000000008448,00005.000000
0000000008449,00005.000000
0000000008450,00005.000000
0000000008451,00005.000000
0000000008452,00005.000000
0000000008453,00005.000000
0000000008454,00005.000000
0000000008455,00005.000000
0000000008456,00005.000000
0000000008457,00005.000000
0000000008458,00005.000000
0000000008459,00005.000000
0000000008460,00005.000000
0000000008461,00005.000000
0000000008462,00005.000000
0000000008463,00005.000000
0000000008464,00005.000000
0000000008465,00005.000000
0000000008466,00005.000000
0000000008467,00005.000000
0000000008468,00005.000000
0000000008469,00005.000000
0000000008470,00005.000000
0000000008471,00005.000000
0000000008472,00005.000000
0000000008473,00005.000000
0000000008474,00005.000000
0000000008475,00005.000000
0000000008476,00005.000000
0000000008477,00005.000000
0000000008478,00005.000000
0000000008479,00005.000000
0000000008480,00005.000000
0000000008481,00005.000000
0000000008482,00005.000000
0000000008483,00005.000000
0000000008484,00005.000000
0000000008485,00005.000000
0000000008486,00005.000000
0000000008487,00005.000000
0000000008488,00005.000000
0000000008489,00005.000000
0000000008490,00005.000000
0000000008491,00005.000000
0000000008492,00005.000000
0000000008493,00005.000000
0000000008494,00005.000000
0000000008495,00005.000000
0000000008496,00005.000000
0000000008497,00005.000000
0000000008498,00005.000000
0000000008499,00005.000000
0000000008500,00005.000000
0000000008501,00005.000000
0000000008502,00005.000000
0000000008503,00005.000000
0000000008504,00005.000000
0000000008505,00005.000000
0000000008506,00005.000000
0000000008507,00005.000000
0000000008508,00005.000000
0000000008509,00005.000000
0000000008510,00005.000000
0000000008511,00005.000000
0000000008512,00005.000000
0000000008513,00005.000000
0000000008514,00005.000000
0000000008515,00005.000000
0000000008516,00005.000000
0000000008517,00005.000000
0000000008518,00005.000000
0000000008519,00005.000000
0000000008520,00005.000000
0000000008521,00005.000000
0000000008522,00005.000000
0000000008523,00005.000000
0000000008524,00005.000000
0000000008525,00005.000000
0000000008526,00005.000000
0000000008527,00005.000000
0000000008528,00005.000000
0000000008529,00005.000000
0000000008530,00005.000000
0000000008531,00005.000000
0000000008532,00005.000000
0000000008533,00005.000000
0000000008534,00005.000000
0000000008535,00005.000000
0000000008536,00005.000000
0000000008537,00005.000000
0000000008538,00005.000000
0000000008539,00005.000000
0000000008540,00005.000000
0000000008541,00005.000000
0000000008542,00005.000000
0000000008543,00005.000000
0000000008544,00005.000000
0000000008545,00005.000000
0000000008546,00005.000000
0000000008547,00005.000000
0000000008548,00005.000000
