0000000000901,00000.000000,00000.000000,00000.000000,00000.000000,00000.000000,00000.000000
0000000000902,00000.000000,00000.000000,00000.000000,00000.000000,00000.000000,00000.000000
0000000000903,00000.000000,00000.000000,00000.000000,00000.000000,00000.000000,00000.000000
0000000000904,00000.000000,00000.000000,00000.000000,00000.000000,00000.000000,00000.000000
0000000000905,00000.000000,00000.000000,00000.000000,00000.000000,00000.000000,00000.000000
0000000000906,00000.000000,00000.000000,00000.000000,00000.000000,00000.000000,00000.000000
0000000000907,00000.000000,00000.000000,00000.000000,00000.000000,00000.000000,00000.000000
0000000000908,00000.000000,00000.000000,00000.000000,00000.000000,00000.000000,00000.000000
0000000000909,00000.000000,00000.000000,00000.000000,00000.000000,00000.000000,00000.000000
0000000000910,00000.000000,00000.000000,00000.000000,00000.000000,00000.000000,00000.000000
0000000000911,00000.000000,00000.000000,00000.000000,00000.000000,00000.000000,00000.000000
0000000000912,00000.000000,00000.000000,00000.000000,00000.000000,00000.000000,00000.000000
0000000000913,00000.000000,00000.000000,00000.000000,00000.000000,00000.000000,00000.000000
0000000000914,00000.000000,00000.000000,00000.000000,00000.000000,00000.000000,00000.000000
0000000000915,00000.000000,00000.000000,00000.000000,00000.000000,00000.000000,00000.000000
0000000000916,00000.000000,00000.000000,00000.000000,00000.000000,00000.000000,00000.000000
0000000000917,00000.000000,00000.000000,00000.000000,00000.000000,00000.000000,00000.000000
0000000000918,00000.000000,00000.000000,00000.000000,00000.000000,00000.000000,00000.000000
0000000000919,00000.000000,00000.000000,00000.000000,00000.000000,00000.000000,00000.000000
0000000000920,00000.000000,00000.000000,00000.000000,00000.000000,00000.000000,00000.000000
0000000000921,00000.000000,00000.000000,00000.000000,00000.000000,00000.000000,00000.000000
0000000000922,00000.000000,00000.000000,00000.000000,00000.000000,00000.000000,00000.000000
0000000000923,00000.000000,00000.000000,00000.000000,00000.000000,00000.000000,00000.000000
0000000000924,00000.000000,00000.000000,00000.000000,00000.000000,00000.000000,00000.000000
0000000000925,00000.000000,00000.000000,00000.000000,00000.000000,00000.000000,00000.000000
0000000000926,00000.000000,00000.000000,00000.000000,00000.000000,00000.000000,00000.000000
0000000000927,00000.000000,00000.000000,00000.000000,00000.000000,00000.000000,00000.000000
0000000000928,00000.000000,00000.000000,00000.000000,00000.000000,00000.000000,00000.000000
0000000000929,00000.000000,00000.000000,00000.000000,00000.000000,00000.000000,00000.000000
0000000000930,00000.000000,00000.000000,00000.000000,00000.000000,00000.000000,00000.000000
0000000000931,00000.000000,00000.000000,00000.000000,00000.000000,00000.000000,00000.000000
0000000000932,00000.000000,00000.000000,00000.000000,00000.000000,00000.000000,00000.000000
0000000000933,00000.000000,00000.000000,00000.000000,00000.000000,00000.000000,00000.000000
0000000000934,00000.000000,00000.000000,00000.000000,00000.000000,00000.000000,00000.000000
0000000000935,00000.000000,00000.000000,00000.000000,00000.000000,00000.000000,00000.000000
0000000000936,00000.000000,00000.000000,00000.000000,00000.000000,00000.000000,00000.000000
0000000000937,00000.000000,00000.000000,00000.000000,00000.000000,00000.000000,00000.000000
0000000000938,00000.000000,00000.000000,00000.000000,00000.000000,00000.000000,00000.000000
0000000000939,00000.000000,00000.000000,00000.000000,00000.000000,00000.000000,00000.000000
0000000000940,00000.000000,00000.000000,00000.000000,00000.000000,00000.000000,00000.000000
0000000000941,00000.000000,00000.000000,00000.000000,00000.000000,00000.000000,00000.000000
0000000000942,00000.000000,00000.000000,00000.000000,00000.000000,00000.000000,00000.000000
0000000000943,00000.000000,00000.000000,00000.000000,00000.000000,00000.000000,00000.000000
0000000000944,00000.000000,00000.000000,00000.000000,00000.000000,00000.000000,00000.000000
0000000000945,00000.000000,00000.000000,00000.000000,00000.000000,00000.000000,00000.000000
0000000000946,00000.000000,00000.000000,00000.000000,00000.000000,00000.000000,00000.000000
0000000000947,00000.000000,00000.000000,00000.000000,00000.000000,00000.000000,00000.000000
0000000000948,00000.000000,00000.000000,00000.000000,00000.000000,00000.000000,00000.000000
0000000000949,00000.000000,00000.000000,00000.000000,00000.000000,00000.000000,00000.000000
0000000000950,00000.000000,00000.000000,00000.000000,00000.000000,00000.000000,00000.000000
0000000000951,00000.000000,00000.000000,00000.000000,00000.000000,00000.000000,00000.000000
0000000000952,00000.000000,00000.000000,00000.000000,00000.000000,00000.000000,00000.000000
0000000000953,00000.000000,00000.000000,00000.000000,00000.000000,00000.000000,00000.000000
0000000000954,00000.000000,00000.000000,00000.000000,00000.000000,00000.000000,00000.000000
0000000000955,00000.000000,00000.000000,00000.000000,00000.000000,00000.000000,00000.000000
0000000000956,00000.000000,00000.000000,00000.000000,00000.000000,00000.000000,00000.000000
0000000000957,00000.000000,00000.000000,00000.000000,00000.000000,00000.000000,00000.000000
0000000000958,00000.000000,00000.000000,00000.000000,00000.000000,00000.000000,00000.000000
0000000000959,00000.000000,00000.000000,00000.000000,00000.000000,00000.000000,00000.000000
0000000000960,00000.000000,00000.000000,00000.000000,00000.000000,00000.000000,00000.000000
0000000000961,00000.000000,00000.000000,00000.000000,00000.000000,00000.000000,00000.000000
0000000000962,00000.000000,00000.000000,00000.000000,00000.000000,00000.000000,00000.000000
0000000000963,00000.000000,00000.000000,00000.000000,00000.000000,00000.000000,00000.000000
0000000000964,00000.000000,00000.000000,00000.000000,00000.000000,00000.000000,00000.000000
0000000000965,00000.000000,00000.000000,00000.000000,00000.000000,00000.000000,00000.000000
0000000000966,00000.000000,00000.000000,00000.000000,00000.000000,00000.000000,00000.000000
0000000000967,00000.000000,00000.000000,00000.000000,00000.000000,00000.000000,00000.000000
0000000000968,00000.000000,00000.000000,00000.000000,00000.000000,00000.000000,00000.000000
0000000000969,00000.000000,00000.000000,00000.000000,00000.000000,00000.000000,00000.000000
0000000000970,00000.000000,00000.000000,00000.000000,00000.000000,00000.000000,00000.000000
0000000000971,00000.000000,00000.000000,00000.000000,00000.000000,00000.000000,00000.000000
0000000000972,00000.000000,00000.000000,00000.000000,00000.000000,00000.000000,00000.000000
0000000000973,00000.000000,00000.000000,00000.000000,00000.000000,00000.000000,00000.000000
0000000000974,00000.000000,00000.000000,00000.000000,00000.000000,00000.000000,00000.000000
0000000000975,00000.000000,00000.000000,00000.000000,00000.000000,00000.000000,00000.000000
0000000000976,00000.000000,00000.000000,00000.000000,00000.000000,00000.000000,00000.000000
0000000000977,00000.000000,00000.000000,00000.000000,00000.000000,00000.000000,00000.000000
0000000000978,00000.000000,00000.000000,00000.000000,00000.000000,00000.000000,00000.000000
0000000000979,00000.000000,00000.000000,00000.000000,00000.000000,00000.000000,00000.000000
0000000000980,00000.000000,00000.000000,00000.000000,00000.000000,00000.000000,00000.000000
0000000000981,00000.000000,00000.000000,00000.000000,00000.000000,00000.000000,00000.000000
0000000000982,00000.000000,00000.000000,00000.000000,00000.000000,00000.000000,00000.000000
0000000000983,00000.000000,00000.000000,00000.000000,00000.000000,00000.000000,00000.000000
0000000000984,00000.000000,00000.000000,00000.000000,00000.000000,00000.000000,00000.000000
0000000000985,00000.000000,00000.000000,00000.000000,00000.000000,00000.000000,00000.000000
0000000000986,00000.000000,00000.000000,00000.000000,00000.000000,00000.000000,00000.000000
0000000000987,00000.000000,00000.000000,00000.000000,00000.000000,00000.000000,00000.000000
0000000000988,00000.000000,00000.000000,00000.000000,00000.000000,00000.000000,00000.000000
0000000000989,00000.000000,00000.000000,00000.000000,00000.000000,00000.000000,00000.000000
0000000000990,00000.000000,00000.000000,00000.000000,00000.000000,00000.000000,00000.000000
0000000000991,00000.000000,00000.000000,00000.000000,00000.000000,00000.000000,00000.000000
0000000000992,00000.000000,00000.000000,00000.000000,00000.000000,00000.000000,00000.000000
0000000000993,00000.000000,00000.000000,00000.000000,00000.000000,00000.000000,00000.000000
0000000000994,00000.000000,00000.000000,00000.000000,00000.000000,00000.000000,00000.000000
0000000000995,00000.000000,00000.000000,00000.000000,00000.000000,00000.000000,00000.000000
0000000000996,00000.000000,00000.000000,00000.000000,00000.000000,00000.000000,00000.000000
0000000000997,00000.000000,00000.000000,00000.000000,00000.000000,00000.000000,00000.000000
0000000000998,00000.000000,00000.000000,00000.000000,00000.000000,00000.000000,00000.000000
0000000000999,00000.000000,00000.000000,00000.000000,00000.000000,00000.000000,00000.000000
0000000001000,00000.000000,00000.000000,00000.000000,00000.000000,00000.000000,00000.000000
0000000001001,00000.000000,00000.000000,00000.000000,00000.000000,00000.000000,00000.000000
0000000001002,00000.000000,00000.000000,00000.000000,00000.000000,00000.000000,00000.000000
0000000001003,00000.000000,00000.000000,00000.000000,00000.000000,00000.000000,00000.000000
0000000001004,00000.000000,00000.000000,00000.000000,00000.000000,00000.000000,00000.000000
0000000001005,00000.000000,00000.000000,00000.000000,00000.000000,00000.000000,00000.000000
0000000001006,00000.000000,00000.000000,00000.000000,00000.000000,00000.000000,00000.000000
0000000001007,00000.000000,00000.000000,00000.000000,00000.000000,00000.000000,00000.000000
0000000001008,00000.000000,00000.000000,00000.000000,00000.000000,00000.000000,00000.000000
0000000001009,00000.000000,00000.000000,00000.000000,00000.000000,00000.000000,00000.000000
0000000001010,00000.000000,00000.000000,00000.000000,00000.000000,00000.000000,00000.000000
0000000001011,00000.000000,00000.000000,00000.000000,00000.000000,00000.000000,00000.000000
0000000001012,00000.000000,00000.000000,00000.000000,00000.000000,00000.000000,00000.000000
0000000001013,00000.000000,00000.000000,00000.000000,00000.000000,00000.000000,00000.000000
0000000001014,00000.000000,00000.000000,00000.000000,00000.000000,00000.000000,00000.000000
0000000001015,00000.000000,00000.000000,00000.000000,00000.000000,00000.000000,00000.000000
0000000001016,00000.000000,00000.000000,00000.000000,00000.000000,00000.000000,00000.000000
0000000001017,00000.000000,00000.000000,00000.000000,00000.000000,00000.000000,00000.000000
0000000001018,00000.000000,00000.000000,00000.000000,00000.000000,00000.000000,00000.000000
0000000001019,00000.000000,00000.000000,00000.000000,00000.000000,00000.000000,00000.000000
0000000001020,00000.000000,00000.000000,00000.000000,00000.000000,00000.000000,00000.000000
0000000001021,00000.000000,00000.000000,00000.000000,00000.000000,00000.000000,00000.000000
0000000001022,00000.000000,00000.000000,00000.000000,00000.000000,00000.000000,00000.000000
0000000001023,00000.000000,00000.000000,00000.000000,00000.000000,00000.000000,00000.000000
0000000001024,00000.000000,00000.000000,00000.000000,00000.000000,00000.000000,00000.000000
0000000001025,00000.000000,00000.000000,00000.000000,00000.000000,00000.000000,00000.000000
0000000001026,00000.000000,00000.000000,00000.000000,00000.000000,00000.000000,00000.000000
0000000001027,00000.000000,00000.000000,00000.000000,00000.000000,00000.000000,00000.000000
0000000001028,00000.000000,00000.000000,00000.000000,00000.000000,00000.000000,00000.000000
0000000001029,00000.000000,00000.000000,00000.000000,00000.000000,00000.000000,00000.000000
0000000001030,00000.000000,00000.000000,00000.000000,00000.000000,00000.000000,00000.000000
0000000001031,00000.000000,00000.000000,00000.000000,00000.000000,00000.000000,00000.000000
0000000001032,00000.000000,00000.000000,00000.000000,00000.000000,00000.000000,00000.000000
0000000001033,00000.000000,00000.000000,00000.000000,00000.000000,00000.000000,00000.000000
0000000001034,00000.000000,00000.000000,00000.000000,00000.000000,00000.000000,00000.000000
0000000001035,00000.000000,00000.000000,00000.000000,00000.000000,00000.000000,00000.000000
0000000001036,00000.000000,00000.000000,00000.000000,00000.000000,00000.000000,00000.000000
0000000001037,00000.000000,00000.000000,00000.000000,00000.000000,00000.000000,00000.000000
0000000001038,00000.000000,00000.000000,00000.000000,00000.000000,00000.000000,00000.000000
0000000001039,00000.000000,00000.000000,00000.000000,00000.000000,00000.000000,00000.000000
0000000001040,00000.000000,00000.000000,00000.000000,00000.000000,00000.000000,00000.000000
0000000001041,00000.000000,00000.000000,00000.000000,00000.000000,00000.000000,00000.000000
0000000001042,00000.000000,00000.000000,00000.000000,00000.000000,00000.000000,00000.000000
0000000001043,00000.000000,00000.000000,00000.000000,00000.000000,00000.000000,00000.000000
0000000001044,00000.000000,00000.000000,00000.000000,00000.000000,00000.000000,00000.000000
0000000001045,00000.000000,00000.000000,00000.000000,00000.000000,00000.000000,00000.000000
0000000001046,00000.000000,00000.000000,00000.000000,00000.000000,00000.000000,00000.000000
0000000001047,00000.000000,00000.000000,00000.000000,00000.000000,00000.000000,00000.000000
0000000001048,00000.000000,00000.000000,00000.000000,00000.000000,00000.000000,00000.000000
0000000001049,00000.000000,00000.000000,00000.000000,00000.000000,00000.000000,00000.000000
0000000001050,00000.000000,00000.000000,00000.000000,00000.000000,00000.000000,00000.000000
0000000001051,00000.000000,00000.000000,00000.000000,00000.000000,00000.000000,00000.000000
0000000001052,00000.000000,00000.000000,00000.000000,00000.000000,00000.000000,00000.000000
0000000001053,00000.000000,00000.000000,00000.000000,00000.000000,00000.000000,00000.000000
0000000001054,00000.000000,00000.000000,00000.000000,00000.000000,00000.000000,00000.000000
0000000001055,00000.000000,00000.000000,00000.000000,00000.000000,00000.000000,00000.000000
0000000001056,00000.000000,00000.000000,00000.000000,00000.000000,00000.000000,00000.000000
0000000001057,00000.000000,00000.000000,00000.000000,00000.000000,00000.000000,00000.000000
0000000001058,00000.000000,00000.000000,00000.000000,00000.000000,00000.000000,00000.000000
0000000001059,00000.000000,00000.000000,00000.000000,00000.000000,00000.000000,00000.000000
0000000001060,00000.000000,00000.000000,00000.000000,00000.000000,00000.000000,00000.000000
0000000001061,00000.000000,00000.000000,00000.000000,00000.000000,00000.000000,00000.000000
0000000001062,00000.000000,00000.000000,00000.000000,00000.000000,00000.000000,00000.000000
0000000001063,00000.000000,00000.000000,00000.000000,00000.000000,00000.000000,00000.000000
0000000001064,00000.000000,00000.000000,00000.000000,00000.000000,00000.000000,00000.000000
0000000001065,00000.000000,00000.000000,00000.000000,00000.000000,00000.000000,00000.000000
0000000001066,00000.000000,00000.000000,00000.000000,00000.000000,00000.000000,00000.000000
0000000001067,00000.000000,00000.000000,00000.000000,00000.000000,00000.000000,00000.000000
0000000001068,00000.000000,00000.000000,00000.000000,00000.000000,00000.000000,00000.000000
0000000001069,00000.000000,00000.000000,00000.000000,00000.000000,00000.000000,00000.000000
0000000001070,00000.000000,00000.000000,00000.000000,00000.000000,00000.000000,00000.000000
0000000001071,00000.000000,00000.000000,00000.000000,00000.000000,00000.000000,00000.000000
0000000001072,00000.000000,00000.000000,00000.000000,00000.000000,00000.000000,00000.000000
0000000001073,00000.000000,00000.000000,00000.000000,00000.000000,00000.000000,00000.000000
0000000001074,00000.000000,00000.000000,00000.000000,00000.000000,00000.000000,00000.000000
0000000001075,00000.000000,00000.000000,00000.000000,00000.000000,00000.000000,00000.000000
0000000001076,00000.000000,00000.000000,00000.000000,00000.000000,00000.000000,00000.000000
0000000001077,00000.000000,00000.000000,00000.000000,00000.000000,00000.000000,00000.000000
0000000001078,00000.000000,00000.000000,00000.000000,00000.000000,00000.000000,00000.000000
0000000001079,00000.000000,00000.000000,00000.000000,00000.000000,00000.000000,00000.000000
0000000001080,00000.000000,00000.000000,00000.000000,00000.000000,00000.000000,00000.000000
0000000001081,00000.000000,00000.000000,00000.000000,00000.000000,00000.000000,00000.000000
0000000001082,00000.000000,00000.000000,00000.000000,00000.000000,00000.000000,00000.000000
0000000001083,00000.000000,00000.000000,00000.000000,00000.000000,00000.000000,00000.000000
0000000001084,00000.000000,00000.000000,00000.000000,00000.000000,00000.000000,00000.000000
0000000001085,00000.000000,00000.000000,00000.000000,00000.000000,00000.000000,00000.000000
0000000001086,00000.000000,00000.000000,00000.000000,00000.000000,00000.000000,00000.000000
0000000001087,00000.000000,00000.000000,00000.000000,00000.000000,00000.000000,00000.000000
0000000001088,00000.000000,00000.000000,00000.000000,00000.000000,00000.000000,00000.000000
0000000001089,00000.000000,00000.000000,00000.000000,00000.000000,00000.000000,00000.000000
0000000001090,00000.000000,00000.000000,00000.000000,00000.000000,00000.000000,00000.000000
0000000001091,00000.000000,00000.000000,00000.000000,00000.000000,00000.000000,00000.000000
0000000001092,00000.000000,00000.000000,00000.000000,00000.000000,00000.000000,00000.000000
0000000001093,00000.000000,00000.000000,00000.000000,00000.000000,00000.000000,00000.000000
0000000001094,00000.000000,00000.000000,00000.000000,00000.000000,00000.000000,00000.000000
0000000001095,00000.000000,00000.000000,00000.000000,00000.000000,00000.000000,00000.000000
0000000001096,00000.000000,00000.000000,00000.000000,00000.000000,00000.000000,00000.000000
0000000001097,00000.000000,00000.000000,00000.000000,00000.000000,00000.000000,00000.000000
0000000001098,00000.000000,00000.000000,00000.000000,00000.000000,00000.000000,00000.000000
0000000001099,00000.000000,00000.000000,00000.000000,00000.000000,00000.000000,00000.000000
0000000001100,00000.000000,00000.000000,00000.000000,00000.000000,00000.000000,00000.000000
0000000001101,00000.000000,00000.000000,00000.000000,00000.000000,00000.000000,00000.000000
0000000001102,00000.000000,00000.000000,00000.000000,00000.000000,00000.000000,00000.000000
0000000001103,00000.000000,00000.000000,00000.000000,00000.000000,00000.000000,00000.000000
0000000001104,00000.000000,00000.000000,00000.000000,00000.000000,00000.000000,00000.000000
0000000001105,00000.000000,00000.000000,00000.000000,00000.000000,00000.000000,00000.000000
0000000001106,00000.000000,00000.000000,00000.000000,00000.000000,00000.000000,00000.000000
0000000001107,00000.000000,00000.000000,00000.000000,00000.000000,00000.000000,00000.000000
0000000001108,00000.000000,00000.000000,00000.000000,00000.000000,00000.000000,00000.000000
0000000001109,00000.000000,00000.000000,00000.000000,00000.000000,00000.000000,00000.000000
0000000001110,00000.000000,00000.000000,00000.000000,00000.000000,00000.000000,00000.000000
0000000001111,00000.000000,00000.000000,00000.000000,00000.000000,00000.000000,00000.000000
0000000001112,00000.000000,00000.000000,00000.000000,00000.000000,00000.000000,00000.000000
0000000001113,00000.000000,00000.000000,00000.000000,00000.000000,00000.000000,00000.000000
0000000001114,00000.000000,00000.000000,00000.000000,00000.000000,00000.000000,00000.000000
0000000001115,00000.000000,00000.000000,00000.000000,00000.000000,00000.000000,00000.000000
0000000001116,00000.000000,00000.000000,00000.000000,00000.000000,00000.000000,00000.000000
0000000001117,00000.000000,00000.000000,00000.000000,00000.000000,00000.000000,00000.000000
0000000001118,00000.000000,00000.000000,00000.000000,00000.000000,00000.000000,00000.000000
0000000001119,00000.000000,00000.000000,00000.000000,00000.000000,00000.000000,00000.000000
0000000001120,00000.000000,00000.000000,00000.000000,00000.000000,00000.000000,00000.000000
0000000001121,00000.000000,00000.000000,00000.000000,00000.000000,00000.000000,00000.000000
0000000001122,00000.000000,00000.000000,00000.000000,00000.000000,00000.000000,00000.000000
0000000001123,00000.000000,00000.000000,00000.000000,00000.000000,00000.000000,00000.000000
0000000001124,00000.000000,00000.000000,00000.000000,00000.000000,00000.000000,00000.000000
0000000001125,00000.000000,00000.000000,00000.000000,00000.000000,00000.000000,00000.000000
0000000001126,00000.000000,00000.000000,00000.000000,00000.000000,00000.000000,00000.000000
0000000001127,00000.000000,00000.000000,00000.000000,00000.000000,00000.000000,00000.000000
0000000001128,00000.000000,00000.000000,00000.000000,00000.000000,00000.000000,00000.000000
0000000001129,00000.000000,00000.000000,00000.000000,00000.000000,00000.000000,00000.000000
0000000001130,00000.000000,00000.000000,00000.000000,00000.000000,00000.000000,00000.000000
0000000001131,00000.000000,00000.000000,00000.000000,00000.000000,00000.000000,00000.000000
0000000001132,00000.000000,00000.000000,00000.000000,00000.000000,00000.000000,00000.000000
0000000001133,00000.000000,00000.000000,00000.000000,00000.000000,00000.000000,00000.000000
0000000001134,00000.000000,00000.000000,00000.000000,00000.000000,00000.000000,00000.000000
0000000001135,00000.000000,00000.000000,00000.000000,00000.000000,00000.000000,00000.000000
0000000001136,00000.000000,00000.000000,00000.000000,00000.000000,00000.000000,00000.000000
0000000001137,00000.000000,00000.000000,00000.000000,00000.000000,00000.000000,00000.000000
0000000001138,00000.000000,00000.000000,00000.000000,00000.000000,00000.000000,00000.000000
0000000001139,00000.000000,00000.000000,00000.000000,00000.000000,00000.000000,00000.000000
0000000001140,00000.000000,00000.000000,00000.000000,00000.000000,00000.000000,00000.000000
0000000001141,00000.000000,00000.000000,00000.000000,00000.000000,00000.000000,00000.000000
0000000001142,00000.000000,00000.000000,00000.000000,00000.000000,00000.000000,00000.000000
0000000001143,00000.000000,00000.000000,00000.000000,00000.000000,00000.000000,00000.000000
0000000001144,00000.000000,00000.000000,00000.000000,00000.000000,00000.000000,00000.000000
0000000001145,00000.000000,00000.000000,00000.000000,00000.000000,00000.000000,00000.000000
0000000001146,00000.000000,00000.000000,00000.000000,00000.000000,00000.000000,00000.000000
0000000001147,00000.000000,00000.000000,00000.000000,00000.000000,00000.000000,00000.000000
0000000001148,00000.000000,00000.000000,00000.000000,00000.000000,00000.000000,00000.000000
0000000001149,00000.000000,00000.000000,00000.000000,00000.000000,00000.000000,00000.000000
0000000001150,00000.000000,00000.000000,00000.000000,00000.000000,00000.000000,00000.000000
0000000001151,00000.000000,00000.000000,00000.000000,00000.000000,00000.000000,00000.000000
0000000001152,00000.000000,00000.000000,00000.000000,00000.000000,00000.000000,00000.000000
0000000001153,00000.000000,00000.000000,00000.000000,00000.000000,00000.000000,00000.000000
0000000001154,00000.000000,00000.000000,00000.000000,00000.000000,00000.000000,00000.000000
0000000001155,00000.000000,00000.000000,00000.000000,00000.000000,00000.000000,00000.000000
0000000001156,00000.000000,00000.000000,00000.000000,00000.000000,00000.000000,00000.000000
0000000001157,00000.000000,00000.000000,00000.000000,00000.000000,00000.000000,00000.000000
0000000001158,00000.000000,00000.000000,00000.000000,00000.000000,00000.000000,00000.000000
0000000001159,00000.000000,00000.000000,00000.000000,00000.000000,00000.000000,00000.000000
0000000001160,00000.000000,00000.000000,00000.000000,00000.000000,00000.000000,00000.000000
0000000001161,00000.000000,00000.000000,00000.000000,00000.000000,00000.000000,00000.000000
0000000001162,00000.000000,00000.000000,00000.000000,00000.000000,00000.000000,00000.000000
0000000001163,00000.000000,00000.000000,00000.000000,00000.000000,00000.000000,00000.000000
0000000001164,00000.000000,00000.000000,00000.000000,00000.000000,00000.000000,00000.000000
0000000001165,00000.000000,00000.000000,00000.000000,00000.000000,00000.000000,00000.000000
0000000001166,00000.000000,00000.000000,00000.000000,00000.000000,00000.000000,00000.000000
0000000001167,00000.000000,00000.000000,00000.000000,00000.000000,00000.000000,00000.000000
0000000001168,00000.000000,00000.000000,00000.000000,00000.000000,00000.000000,00000.000000
0000000001169,00000.000000,00000.000000,00000.000000,00000.000000,00000.000000,00000.000000
0000000001170,00000.000000,00000.000000,00000.000000,00000.000000,00000.000000,00000.000000
0000000001171,00000.000000,00000.000000,00000.000000,00000.000000,00000.000000,00000.000000
0000000001172,00000.000000,00000.000000,00000.000000,00000.000000,00000.000000,00000.000000
0000000001173,00000.000000,00000.000000,00000.000000,00000.000000,00000.000000,00000.000000
0000000001174,00000.000000,00000.000000,00000.000000,00000.000000,00000.000000,00000.000000
0000000001175,00000.000000,00000.000000,00000.000000,00000.000000,00000.000000,00000.000000
0000000001176,00000.000000,00000.000000,00000.000000,00000.000000,00000.000000,00000.000000
0000000001177,00000.000000,00000.000000,00000.000000,00000.000000,00000.000000,00000.000000
0000000001178,00000.000000,00000.000000,00000.000000,00000.000000,00000.000000,00000.000000
0000000001179,00000.000000,00000.000000,00000.000000,00000.000000,00000.000000,00000.000000
0000000001180,00000.000000,00000.000000,00000.000000,00000.000000,00000.000000,00000.000000
0000000001181,00000.000000,00000.000000,00000.000000,00000.000000,00000.000000,00000.000000
0000000001182,00000.000000,00000.000000,00000.000000,00000.000000,00000.000000,00000.000000
0000000001183,00000.000000,00000.000000,00000.000000,00000.000000,00000.000000,00000.000000
0000000001184,00000.000000,00000.000000,00000.000000,00000.000000,00000.000000,00000.000000
0000000001185,00000.000000,00000.000000,00000.000000,00000.000000,00000.000000,00000.000000
0000000001186,00000.000000,00000.000000,00000.000000,00000.000000,00000.000000,00000.000000
0000000001187,00000.000000,00000.000000,00000.000000,00000.000000,00000.000000,00000.000000
0000000001188,00000.000000,00000.000000,00000.000000,00000.000000,00000.000000,00000.000000
0000000001189,00000.000000,00000.000000,00000.000000,00000.000000,00000.000000,00000.000000
0000000001190,00000.000000,00000.000000,00000.000000,00000.000000,00000.000000,00000.000000
0000000001191,00000.000000,00000.000000,00000.000000,00000.000000,00000.000000,00000.000000
0000000001192,00000.000000,00000.000000,00000.000000,00000.000000,00000.000000,00000.000000
0000000001193,00000.000000,00000.000000,00000.000000,00000.000000,00000.000000,00000.000000
0000000001194,00000.000000,00000.000000,00000.000000,00000.000000,00000.000000,00000.000000
0000000001195,00000.000000,00000.000000,00000.000000,00000.000000,00000.000000,00000.000000
0000000001196,00000.000000,00000.000000,00000.000000,00000.000000,00000.000000,00000.000000
0000000001197,00000.000000,00000.000000,00000.000000,00000.000000,00000.000000,00000.000000
0000000001198,00000.000000,00000.000000,00000.000000,00000.000000,00000.000000,00000.000000
0000000001199,00000.000000,00000.000000,00000.000000,00000.000000,00000.000000,00000.000000
0000000001200,00000.000000,00000.000000,00000.000000,00000.000000,00000.000000,00000.000000
0000000001201,00000.000000,00000.000000,00000.000000,00000.000000,00000.000000,00000.000000
0000000001202,00000.000000,00000.000000,00000.000000,00000.000000,00000.000000,00000.000000
0000000001203,00000.000000,00000.000000,00000.000000,00000.000000,00000.000000,00000.000000
0000000001204,00000.000000,00000.000000,00000.000000,00000.000000,00000.000000,00000.000000
0000000001205,00000.000000,00000.000000,00000.000000,00000.000000,00000.000000,00000.000000
0000000001206,00000.000000,00000.000000,00000.000000,00000.000000,00000.000000,00000.000000
0000000001207,00000.000000,00000.000000,00000.000000,00000.000000,00000.000000,00000.000000
0000000001208,00000.000000,00000.000000,00000.000000,00000.000000,00000.000000,00000.000000
0000000001209,00000.000000,00000.000000,00000.000000,00000.000000,00000.000000,00000.000000
0000000001210,00000.000000,00000.000000,00000.000000,00000.000000,00000.000000,00000.000000
0000000001211,00000.000000,00000.000000,00000.000000,00000.000000,00000.000000,00000.000000
0000000001212,00000.000000,00000.000000,00000.000000,00000.000000,00000.000000,00000.000000
0000000001213,00000.000000,00000.000000,00000.000000,00000.000000,00000.000000,00000.000000
0000000001214,00000.000000,00000.000000,00000.000000,00000.000000,00000.000000,00000.000000
0000000001215,00000.000000,00000.000000,00000.000000,00000.000000,00000.000000,00000.000000
0000000001216,00000.000000,00000.000000,00000.000000,00000.000000,00000.000000,00000.000000
0000000001217,00000.000000,00000.000000,00000.000000,00000.000000,00000.000000,00000.000000
0000000001218,00000.000000,00000.000000,00000.000000,00000.000000,00000.000000,00000.000000
0000000001219,00000.000000,00000.000000,00000.000000,00000.000000,00000.000000,00000.000000
0000000001220,00000.000000,00000.000000,00000.000000,00000.000000,00000.000000,00000.000000
0000000001221,00000.000000,00000.000000,00000.000000,00000.000000,00000.000000,00000.000000
0000000001222,00000.000000,00000.000000,00000.000000,00000.000000,00000.000000,00000.000000
0000000001223,00000.000000,00000.000000,00000.000000,00000.000000,00000.000000,00000.000000
0000000001224,00000.000000,00000.000000,00000.000000,00000.000000,00000.000000,00000.000000
0000000001225,00000.000000,00000.000000,00000.000000,00000.000000,00000.000000,00000.000000
0000000001226,00000.000000,00000.000000,00000.000000,00000.000000,00000.000000,00000.000000
0000000001227,00000.000000,00000.000000,00000.000000,00000.000000,00000.000000,00000.000000
0000000001228,00000.000000,00000.000000,00000.000000,00000.000000,00000.000000,00000.000000
0000000001229,00000.000000,00000.000000,00000.000000,00000.000000,00000.000000,00000.000000
0000000001230,00000.000000,00000.000000,00000.000000,00000.000000,00000.000000,00000.000000
0000000001231,00000.000000,00000.000000,00000.000000,00000.000000,00000.000000,00000.000000
0000000001232,00000.000000,00000.000000,00000.000000,00000.000000,00000.000000,00000.000000
0000000001233,00000.000000,00000.000000,00000.000000,00000.000000,00000.000000,00000.000000
0000000001234,00000.000000,00000.000000,00000.000000,00000.000000,00000.000000,00000.000000
0000000001235,00000.000000,00000.000000,00000.000000,00000.000000,00000.000000,00000.000000
0000000001236,00000.000000,00000.000000,00000.000000,00000.000000,00000.000000,00000.000000
0000000001237,00000.000000,00000.000000,00000.000000,00000.000000,00000.000000,00000.000000
0000000001238,00000.000000,00000.000000,00000.000000,00000.000000,00000.000000,00000.000000
0000000001239,00000.000000,00000.000000,00000.000000,00000.000000,00000.000000,00000.000000
0000000001240,00000.000000,00000.000000,00000.000000,00000.000000,00000.000000,00000.000000
0000000001241,00000.000000,00000.000000,00000.000000,00000.000000,00000.000000,00000.000000
0000000001242,00000.000000,00000.000000,00000.000000,00000.000000,00000.000000,00000.000000
0000000001243,00000.000000,00000.000000,00000.000000,00000.000000,00000.000000,00000.000000
0000000001244,00000.000000,00000.000000,00000.000000,00000.000000,00000.000000,00000.000000
0000000001245,00000.000000,00000.000000,00000.000000,00000.000000,00000.000000,00000.000000
0000000001246,00000.000000,00000.000000,00000.000000,00000.000000,00000.000000,00000.000000
0000000001247,00000.000000,00000.000000,00000.000000,00000.000000,00000.000000,00000.000000
0000000001248,00000.000000,00000.000000,00000.000000,00000.000000,00000.000000,00000.000000
0000000001249,00000.000000,00000.000000,00000.000000,00000.000000,00000.000000,00000.000000
0000000001250,00000.000000,00000.000000,00000.000000,00000.000000,00000.000000,00000.000000
0000000001251,00000.000000,00000.000000,00000.000000,00000.000000,00000.000000,00000.000000
0000000001252,00000.000000,00000.000000,00000.000000,00000.000000,00000.000000,00000.000000
0000000001253,00000.000000,00000.000000,00000.000000,00000.000000,00000.000000,00000.000000
0000000001254,00000.000000,00000.000000,00000.000000,00000.000000,00000.000000,00000.000000
0000000001255,00000.000000,00000.000000,00000.000000,00000.000000,00000.000000,00000.000000
0000000001256,00000.000000,00000.000000,00000.000000,00000.000000,00000.000000,00000.000000
0000000001257,00000.000000,00000.000000,00000.000000,00000.000000,00000.000000,00000.000000
0000000001258,00000.000000,00000.000000,00000.000000,00000.000000,00000.000000,00000.000000
0000000001259,00000.000000,00000.000000,00000.000000,00000.000000,00000.000000,00000.000000
0000000001260,00000.000000,00000.000000,00000.000000,00000.000000,00000.000000,00000.000000
0000000001261,00000.000000,00000.000000,00000.000000,00000.000000,00000.000000,00000.000000
0000000001262,00000.000000,00000.000000,00000.000000,00000.000000,00000.000000,00000.000000
0000000001263,00000.000000,00000.000000,00000.000000,00000.000000,00000.000000,00000.000000
0000000001264,00000.000000,00000.000000,00000.000000,00000.000000,00000.000000,00000.000000
0000000001265,00000.000000,00000.000000,00000.000000,00000.000000,00000.000000,00000.000000
0000000001266,00000.000000,00000.000000,00000.000000,00000.000000,00000.000000,00000.000000
0000000001267,00000.000000,00000.000000,00000.000000,00000.000000,00000.000000,00000.000000
0000000001268,00000.000000,00000.000000,00000.000000,00000.000000,00000.000000,00000.000000
0000000001269,00000.000000,00000.000000,00000.000000,00000.000000,00000.000000,00000.000000
0000000001270,00000.000000,00000.000000,00000.000000,00000.000000,00000.000000,00000.000000
0000000001271,00000.000000,00000.000000,00000.000000,00000.000000,00000.000000,00000.000000
0000000001272,00000.000000,00000.000000,00000.000000,00000.000000,00000.000000,00000.000000
0000000001273,00000.000000,00000.000000,00000.000000,00000.000000,00000.000000,00000.000000
0000000001274,00000.000000,00000.000000,00000.000000,00000.000000,00000.000000,00000.000000
0000000001275,00000.000000,00000.000000,00000.000000,00000.000000,00000.000000,00000.000000
0000000001276,00000.000000,00000.000000,00000.000000,00000.000000,00000.000000,00000.000000
0000000001277,00000.000000,00000.000000,00000.000000,00000.000000,00000.000000,00000.000000
0000000001278,00000.000000,00000.000000,00000.000000,00000.000000,00000.000000,00000.000000
0000000001279,00000.000000,00000.000000,00000.000000,00000.000000,00000.000000,00000.000000
