0000000005130,00080.010059
0000000005131,00080.030168
0000000005132,00080.045022
0000000005133,00080.060249
0000000005134,00080.075357
0000000005135,00080.090080
0000000005136,00080.105297
0000000005137,00080.120237
0000000005138,00080.134951
0000000005139,00080.155364
0000000005140,00080.170127
0000000005141,00080.185111
0000000005142,00080.200149
0000000005143,00080.215287
0000000005144,00080.230055
0000000005145,00080.245103
0000000005146,00080.260176
0000000005147,00080.280073
0000000005148,00080.295031
0000000005149,00080.310131
0000000005150,00080.325409
0000000005151,00080.340145
0000000005152,00080.355085
0000000005153,00080.370097
0000000005154,00080.385086
0000000005155,00080.400147
0000000005156,00080.420266
0000000005157,00080.435075
0000000005158,00080.450190
0000000005159,00080.465062
0000000005160,00080.480164
0000000005161,00080.495117
0000000005162,00080.510403
0000000005163,00080.525247
0000000005164,00080.545082
0000000005165,00080.560461
0000000005166,00080.575349
0000000005167,00080.590061
0000000005168,00080.605120
0000000005169,00080.620150
0000000005170,00080.635107
0000000005171,00080.650293
0000000005172,00080.670210
0000000005173,00080.685127
0000000005174,00080.700135
0000000005175,00080.715073
0000000005176,00080.730096
0000000005177,00080.745280
0000000005178,00080.760120
0000000005179,00080.775368
0000000005180,00080.790113
0000000005181,00080.810286
0000000005182,00080.825354
0000000005183,00080.840191
0000000005184,00080.855314
0000000005185,00080.870189
0000000005186,00080.885244
0000000005187,00080.900139
0000000005188,00080.915095
0000000005189,00080.935408
0000000005190,00080.950228
0000000005191,00080.965121
0000000005192,00080.980122
0000000005193,00080.995113
0000000005194,00081.010158
0000000005195,00081.025426
0000000005196,00081.040150
0000000005197,00081.060262
0000000005198,00081.075480
0000000005199,00081.090136
0000000005200,00081.105108
0000000005201,00081.120166
0000000005202,00081.135166
0000000005203,00081.150224
0000000005204,00081.165078
0000000005205,00081.180138
0000000005206,00081.200165
0000000005207,00081.215090
0000000005208,00081.230296
0000000005209,00081.245107
0000000005210,00081.260156
0000000005211,00081.275197
0000000005212,00081.290056
0000000005213,00081.305227
0000000005214,00081.325642
0000000005215,00081.340139
0000000005216,00081.355085
0000000005217,00081.370165
0000000005218,00081.385482
0000000005219,00081.400099
0000000005220,00081.415149
0000000005221,00081.430427
0000000005222,00081.450079
0000000005223,00081.465184
0000000005224,00081.480128
0000000005225,00081.495146
0000000005226,00081.510091
0000000005227,00081.525539
0000000005228,00081.540167
0000000005229,00081.555205
0000000005230,00081.571153
0000000005231,00081.586132
0000000005232,00081.606226
0000000005233,00081.621239
0000000005234,00081.636125
0000000005235,00081.651378
0000000005236,00081.666498
0000000005237,00081.681126
0000000005238,00081.696357
0000000005239,00081.711195
0000000005240,00081.726191
0000000005241,00081.746175
0000000005242,00081.761170
0000000005243,00081.776277
0000000005244,00081.791177
0000000005245,00081.806207
0000000005246,00081.821228
0000000005247,00081.836141
0000000005248,00081.851075
0000000005249,00081.871120
0000000005250,00081.886086
0000000005251,00081.901153
0000000005252,00081.916124
0000000005253,00081.931084
0000000005254,00081.946200
0000000005255,00081.961177
0000000005256,00081.976206
0000000005257,00081.996251
0000000005258,00082.011121
0000000005259,00082.026311
0000000005260,00082.042153
0000000005261,00082.057190
0000000005262,00082.072092
0000000005263,00082.087153
0000000005264,00082.102254
0000000005265,00082.117201
0000000005266,00082.132141
0000000005267,00082.147207
0000000005268,00082.167271
0000000005269,00082.182177
0000000005270,00082.197108
0000000005271,00082.212166
0000000005272,00082.227217
0000000005273,00082.242158
0000000005274,00082.257141
0000000005275,00082.272059
0000000005276,00082.292146
0000000005277,00082.307197
0000000005278,00082.322118
0000000005279,00082.337144
0000000005280,00082.352207
0000000005281,00082.367160
0000000005282,00082.382050
0000000005283,00082.397156
0000000005284,00082.417223
0000000005285,00082.432022
0000000005286,00082.447226
0000000005287,00082.462211
0000000005288,00082.477360
0000000005289,00082.492231
0000000005290,00082.507222
0000000005291,00082.522109
0000000005292,00082.537355
0000000005293,00082.553216
0000000005294,00082.573367
0000000005295,00082.588137
0000000005296,00082.603528
0000000005297,00082.618193
0000000005298,00082.633192
0000000005299,00082.648103
0000000005300,00082.663471
0000000005301,00082.678459
0000000005302,00082.693161
0000000005303,00082.713591
0000000005304,00082.728284
0000000005305,00082.743326
0000000005306,00082.758226
0000000005307,00082.773409
0000000005308,00082.788386
0000000005309,00082.803503
0000000005310,00082.818156
0000000005311,00082.838192
0000000005312,00082.853410
0000000005313,00082.868227
0000000005314,00082.883568
0000000005315,00082.898056
0000000005316,00082.913356
0000000005317,00082.928190
0000000005318,00082.943336
0000000005319,00082.963582
0000000005320,00082.978433
0000000005321,00082.993389
0000000005322,00083.008222
0000000005323,00083.023096
0000000005324,00083.038179
0000000005325,00083.053188
0000000005326,00083.068211
0000000005327,00083.083128
0000000005328,00083.103391
0000000005329,00083.118223
0000000005330,00083.133166
0000000005331,00083.148247
0000000005332,00083.163379
0000000005333,00083.178115
0000000005334,00083.193201
0000000005335,00083.208192
0000000005336,00083.228069
0000000005337,00083.243200
0000000005338,00083.258233
0000000005339,00083.273121
0000000005340,00083.288172
0000000005341,00083.303208
0000000005342,00083.318168
0000000005343,00083.333207
0000000005344,00083.353223
0000000005345,00083.368205
0000000005346,00083.383257
0000000005347,00083.398319
0000000005348,00083.413080
0000000005349,00083.428239
0000000005350,00083.443105
0000000005351,00083.458162
0000000005352,00083.473250
0000000005353,00083.493461
0000000005354,00083.508111
0000000005355,00083.523469
0000000005356,00083.538213
0000000005357,00083.553149
0000000005358,00083.568342
0000000005359,00083.583154
0000000005360,00083.598184
0000000005361,00083.618176
0000000005362,00083.633385
0000000005363,00083.648149
0000000005364,00083.663268
0000000005365,00083.678252
0000000005366,00083.693261
0000000005367,00083.708168
0000000005368,00083.723362
0000000005369,00083.743377
0000000005370,00083.758416
0000000005371,00083.773503
0000000005372,00083.788238
0000000005373,00083.803422
0000000005374,00083.818235
0000000005375,00083.833461
0000000005376,00083.848218
0000000005377,00083.863133
0000000005378,00083.883489
0000000005379,00083.898258
0000000005380,00083.913122
0000000005381,00083.928249
0000000005382,00083.943391
0000000005383,00083.958271
0000000005384,00083.973381
0000000005385,00083.988210
0000000005386,00084.008268
0000000005387,00084.023606
0000000005388,00084.035297
0000000005389,00084.056765
0000000005390,00084.069367
0000000005391,00084.085917
0000000005392,00084.099344
0000000005393,00084.114271
0000000005394,00084.129311
0000000005395,00084.144599
0000000005396,00084.164282
0000000005397,00084.179348
0000000005398,00084.194302
0000000005399,00084.209337
0000000005400,00084.224372
0000000005401,00084.239391
0000000005402,00084.254193
0000000005403,00084.269244
0000000005404,00084.289702
0000000005405,00084.304229
0000000005406,00084.319399
0000000005407,00084.334239
0000000005408,00084.349170
0000000005409,00084.364321
0000000005410,00084.379331
0000000005411,00084.394371
0000000005412,00084.409352
0000000005413,00084.429345
0000000005414,00084.444270
0000000005415,00084.459274
0000000005416,00084.474317
0000000005417,00084.489220
0000000005418,00084.504371
0000000005419,00084.519352
0000000005420,00084.534241
0000000005421,00084.554385
0000000005422,00084.569266
0000000005423,00084.584252
0000000005424,00084.599327
0000000005425,00084.614323
0000000005426,00084.629274
0000000005427,00084.644304
0000000005428,00084.659279
0000000005429,00084.679303
0000000005430,00084.694318
0000000005431,00084.709295
0000000005432,00084.724185
0000000005433,00084.739359
0000000005434,00084.754286
0000000005435,00084.769287
0000000005436,00084.784291
0000000005437,00084.799325
0000000005438,00084.819299
0000000005439,00084.834284
0000000005440,00084.849303
0000000005441,00084.864263
0000000005442,00084.879369
0000000005443,00084.894273
0000000005444,00084.909196
0000000005445,00084.924273
0000000005446,00084.944431
0000000005447,00084.959306
0000000005448,00084.974328
0000000005449,00084.989288
0000000005450,00085.004392
0000000005451,00085.019373
0000000005452,00085.034319
0000000005453,00085.049312
0000000005454,00085.069307
0000000005455,00085.084266
0000000005456,00085.099227
0000000005457,00085.114244
0000000005458,00085.129349
0000000005459,00085.144422
0000000005460,00085.159262
0000000005461,00085.174378
0000000005462,00085.189310
0000000005463,00085.209838
0000000005464,00085.224318
0000000005465,00085.239297
0000000005466,00085.254589
0000000005467,00085.269301
0000000005468,00085.284316
0000000005469,00085.299497
0000000005470,00085.314428
0000000005471,00085.334623
0000000005472,00085.349385
0000000005473,00085.364580
0000000005474,00085.379298
0000000005475,00085.394461
0000000005476,00085.409287
0000000005477,00085.424306
0000000005478,00085.439272
0000000005479,00085.459383
0000000005480,00085.474252
0000000005481,00085.489359
0000000005482,00085.504303
0000000005483,00085.519248
0000000005484,00085.534288
0000000005485,00085.549409
0000000005486,00085.564306
0000000005487,00085.579325
0000000005488,00085.599298
0000000005489,00085.614325
0000000005490,00085.629329
0000000005491,00085.644444
0000000005492,00085.659257
0000000005493,00085.674287
0000000005494,00085.689331
0000000005495,00085.704260
0000000005496,00085.724608
0000000005497,00085.739384
0000000005498,00085.754581
0000000005499,00085.769325
0000000005500,00085.784317
0000000005501,00085.799260
0000000005502,00085.814652
0000000005503,00085.829292
0000000005504,00085.849695
0000000005505,00085.864572
0000000005506,00085.879290
0000000005507,00085.894614
0000000005508,00085.909360
0000000005509,00085.924270
0000000005510,00085.939280
0000000005511,00085.954490
0000000005512,00085.969668
0000000005513,00085.989382
0000000005514,00086.004461
0000000005515,00086.019314
0000000005516,00086.034314
0000000005517,00086.049360
0000000005518,00086.064482
0000000005519,00086.079247
0000000005520,00086.094406
0000000005521,00086.114492
0000000005522,00086.129291
0000000005523,00086.144357
0000000005524,00086.159309
0000000005525,00086.174416
0000000005526,00086.189356
0000000005527,00086.204306
0000000005528,00086.219364
0000000005529,00086.234371
0000000005530,00086.286038
0000000005531,00086.294907
0000000005532,00086.329198
0000000005533,00086.336253
0000000005534,00086.347245
0000000005535,00086.362404
0000000005536,00086.378911
0000000005537,00086.405735
0000000005538,00086.431866
0000000005539,00086.453964
0000000005540,00086.476521
0000000005541,00086.499677
0000000005542,00086.523088
0000000005543,00086.545449
0000000005544,00086.568272
0000000005545,00086.590728
0000000005546,00086.613741
0000000005547,00086.636210
0000000005548,00086.658961
0000000005549,00086.681275
0000000005550,00086.704197
0000000005551,00086.726703
0000000005552,00086.749058
0000000005553,00086.772097
0000000005554,00086.794320
0000000005555,00086.816860
0000000005556,00086.839240
0000000005557,00086.861864
0000000005558,00086.884170
0000000005559,00086.907117
0000000005560,00086.929995
0000000005561,00086.952696
0000000005562,00086.975299
0000000005563,00086.997597
0000000005564,00087.019952
0000000005565,00087.042165
0000000005566,00087.064211
0000000005567,00087.092342
0000000005568,00087.114617
0000000005569,00087.138777
0000000005570,00087.162160
0000000005571,00087.185229
0000000005572,00087.208281
0000000005573,00087.231602
0000000005574,00087.254816
0000000005575,00087.278921
0000000005576,00087.302307
0000000005577,00087.326378
0000000005578,00087.352537
0000000005579,00087.375455
0000000005580,00087.400779
0000000005581,00087.426043
0000000005582,00087.449870
0000000005583,00087.476871
0000000005584,00087.500307
0000000005585,00087.523835
0000000005586,00087.546938
0000000005587,00087.569958
0000000005588,00087.592754
0000000005589,00087.619433
0000000005590,00087.643230
0000000005591,00087.668410
0000000005592,00087.696169
0000000005593,00087.723181
0000000005594,00087.748261
0000000005595,00087.771507
0000000005596,00087.795693
0000000005597,00087.818820
0000000005598,00087.842466
0000000005599,00087.865367
0000000005600,00087.888365
0000000005601,00087.915261
0000000005602,00087.938796
0000000005603,00087.963708
0000000005604,00087.990677
0000000005605,00088.014573
0000000005606,00088.041218
0000000005607,00088.064521
0000000005608,00088.089347
0000000005609,00088.112347
0000000005610,00088.137424
0000000005611,00088.164258
0000000005612,00088.187585
0000000005613,00088.210212
0000000005614,00088.233362
0000000005615,00088.255934
0000000005616,00088.280068
0000000005617,00088.303501
0000000005618,00088.326735
0000000005619,00088.349762
0000000005620,00088.372476
0000000005621,00088.399300
0000000005622,00088.422619
0000000005623,00088.445882
0000000005624,00088.471336
0000000005625,00088.497033
0000000005626,00088.519867
0000000005627,00088.543183
0000000005628,00088.570287
0000000005629,00088.593610
0000000005630,00088.616309
0000000005631,00088.643453
0000000005632,00088.666767
0000000005633,00088.690951
0000000005634,00088.715005
0000000005635,00088.739893
0000000005636,00088.763193
0000000005637,00088.788537
0000000005638,00088.812471
0000000005639,00088.835506
0000000005640,00088.862195
0000000005641,00088.886074
0000000005642,00088.909525
0000000005643,00088.932609
0000000005644,00088.956466
0000000005645,00088.982603
0000000005646,00089.008878
0000000005647,00089.032192
0000000005648,00089.055347
0000000005649,00089.078534
0000000005650,00089.102378
0000000005651,00089.128989
0000000005652,00089.158158
0000000005653,00089.181810
0000000005654,00089.205498
0000000005655,00089.229505
0000000005656,00089.256455
0000000005657,00089.282063
0000000005658,00089.304918
0000000005659,00089.328075
0000000005660,00089.351020
0000000005661,00089.374336
0000000005662,00089.397276
0000000005663,00089.424043
0000000005664,00089.446815
0000000005665,00089.472726
0000000005666,00089.495688
0000000005667,00089.522455
0000000005668,00089.528939
0000000005669,00089.542447
0000000005670,00089.557480
0000000005671,00089.577580
0000000005672,00089.592392
0000000005673,00089.607526
0000000005674,00089.622563
0000000005675,00089.637465
0000000005676,00089.652421
0000000005677,00089.667509
0000000005678,00089.682556
0000000005679,00089.702647
0000000005680,00089.717454
0000000005681,00089.732458
0000000005682,00089.747449
0000000005683,00089.762657
0000000005684,00089.777451
0000000005685,00089.792598
0000000005686,00089.807544
0000000005687,00089.822510
0000000005688,00089.842675
0000000005689,00089.857516
0000000005690,00089.872525
0000000005691,00089.887666
0000000005692,00089.902837
0000000005693,00089.917542
0000000005694,00089.932593
0000000005695,00089.947578
0000000005696,00089.967845
0000000005697,00089.982592
0000000005698,00089.997463
0000000005699,00090.012494
0000000005700,00090.027644
0000000005701,00090.042545
0000000005702,00090.057463
0000000005703,00090.072468
0000000005704,00090.087668
0000000005705,00090.107664
0000000005706,00090.122555
0000000005707,00090.137618
0000000005708,00090.152633
0000000005709,00090.167772
0000000005710,00090.182583
0000000005711,00090.198475
0000000005712,00090.213770
0000000005713,00090.228531
0000000005714,00090.243481
0000000005715,00090.263627
0000000005716,00090.278533
0000000005717,00090.293459
0000000005718,00090.308561
0000000005719,00090.323583
0000000005720,00090.338486
0000000005721,00090.353654
0000000005722,00090.368554
0000000005723,00090.388502
0000000005724,00090.403653
0000000005725,00090.418575
0000000005726,00090.433511
0000000005727,00090.448560
0000000005728,00090.463561
0000000005729,00090.478516
0000000005730,00090.513744
0000000005731,00090.528496
0000000005732,00090.543693
0000000005733,00090.558482
0000000005734,00090.573437
0000000005735,00090.588459
0000000005736,00090.603675
0000000005737,00090.618405
0000000005738,00090.633442
0000000005739,00090.653443
0000000005740,00090.668356
0000000005741,00090.683474
0000000005742,00090.698480
0000000005743,00090.713409
0000000005744,00090.729037
0000000005745,00090.744563
0000000005746,00090.759409
0000000005747,00090.774415
0000000005748,00090.789420
0000000005749,00090.809368
0000000005750,00090.824387
0000000005751,00090.839337
0000000005752,00090.854345
0000000005753,00090.869423
0000000005754,00090.884451
0000000005755,00090.899385
0000000005756,00090.914556
0000000005757,00090.934504
0000000005758,00090.949405
0000000005759,00090.964542
0000000005760,00090.979537
0000000005761,00090.994516
0000000005762,00091.009535
0000000005763,00091.024474
0000000005764,00091.039459
0000000005765,00091.059528
0000000005766,00091.074504
0000000005767,00091.089461
0000000005768,00091.104564
0000000005769,00091.119674
0000000005770,00091.134530
0000000005771,00091.149506
0000000005772,00091.164506
0000000005773,00091.179505
0000000005774,00091.199926
0000000005775,00091.214693
0000000005776,00091.229696
0000000005777,00091.244494
0000000005778,00091.259590
0000000005779,00091.274447
0000000005780,00091.289515
0000000005781,00091.304559
0000000005782,00091.324536
0000000005783,00091.339536
0000000005784,00091.354494
0000000005785,00091.369455
0000000005786,00091.384569
0000000005787,00091.399568
0000000005788,00091.414522
0000000005789,00091.429483
0000000005790,00091.449509
0000000005791,00091.464466
0000000005792,00091.479533
0000000005793,00091.494556
0000000005794,00091.509475
0000000005795,00091.524678
0000000005796,00091.539607
0000000005797,00091.554502
0000000005798,00091.569636
0000000005799,00091.589507
0000000005800,00091.604590
0000000005801,00091.620726
0000000005802,00091.635488
0000000005803,00091.650467
0000000005804,00091.665546
0000000005805,00091.680509
0000000005806,00091.695466
0000000005807,00091.710491
0000000005808,00091.725605
0000000005809,00091.745495
0000000005810,00091.760497
0000000005811,00091.775525
0000000005812,00091.790445
0000000005813,00091.805567
0000000005814,00091.820522
0000000005815,00091.835641
0000000005816,00091.850578
0000000005817,00091.873459
0000000005818,00091.898062
0000000005819,00091.923155
0000000005820,00091.946724
0000000005821,00091.971466
0000000005822,00091.994405
0000000005823,00092.017768
0000000005824,00092.041312
0000000005825,00092.066800
0000000005826,00092.092318
0000000005827,00092.115301
0000000005828,00092.137891
0000000005829,00092.162511
0000000005830,00092.187889
0000000005831,00092.210870
0000000005832,00092.235776
0000000005833,00092.261428
0000000005834,00092.284316
0000000005835,00092.307508
0000000005836,00092.330900
0000000005837,00092.357446
0000000005838,00092.380392
0000000005839,00092.403095
0000000005840,00092.427025
0000000005841,00092.452293
0000000005842,00092.476336
0000000005843,00092.501165
0000000005844,00092.524934
0000000005845,00092.547575
0000000005846,00092.571159
0000000005847,00092.596922
0000000005848,00092.620549
0000000005849,00092.644698
0000000005850,00092.670628
0000000005851,00092.693304
0000000005852,00092.720449
0000000005853,00092.749702
0000000005854,00092.772987
0000000005855,00092.798134
0000000005856,00092.821793
0000000005857,00092.844781
0000000005858,00092.867750
0000000005859,00092.893089
0000000005860,00092.917128
0000000005861,00092.942509
0000000005862,00092.965399
0000000005863,00092.989629
0000000005864,00093.015134
0000000005865,00093.038617
0000000005866,00093.061991
0000000005867,00093.084797
0000000005868,00093.110171
0000000005869,00093.133590
0000000005870,00093.158492
0000000005871,00093.181913
0000000005872,00093.204874
0000000005873,00093.228104
0000000005874,00093.253499
0000000005875,00093.280486
0000000005876,00093.303895
0000000005877,00093.329124
0000000005878,00093.352399
0000000005879,00093.377452
0000000005880,00093.403322
0000000005881,00093.426376
0000000005882,00093.452275
0000000005883,00093.458755
0000000005884,00093.477589
0000000005885,00093.492641
0000000005886,00093.507569
0000000005887,00093.522603
0000000005888,00093.537553
0000000005889,00093.552655
0000000005890,00093.568538
0000000005891,00093.583533
0000000005892,00093.598621
0000000005893,00093.613481
0000000005894,00093.633571
0000000005895,00093.648641
0000000005896,00093.663734
0000000005897,00093.678655
0000000005898,00093.693773
0000000005899,00093.708739
0000000005900,00093.723679
0000000005901,00093.738699
0000000005902,00093.753601
0000000005903,00093.773739
0000000005904,00093.788599
0000000005905,00093.803718
0000000005906,00093.818672
0000000005907,00093.833566
0000000005908,00093.848591
0000000005909,00093.863542
0000000005910,00093.878797
0000000005911,00093.898782
0000000005912,00093.913759
0000000005913,00093.928627
0000000005914,00093.943891
0000000005915,00093.958857
0000000005916,00093.973604
0000000005917,00093.988818
0000000005918,00094.003667
0000000005919,00094.018764
0000000005920,00094.038747
0000000005921,00094.053659
0000000005922,00094.068541
0000000005923,00094.083627
0000000005924,00094.098582
0000000005925,00094.113795
0000000005926,00094.128749
0000000005927,00094.143621
0000000005928,00094.163775
0000000005929,00094.178577
0000000005930,00094.231757
0000000005931,00094.249237
0000000005932,00094.270502
0000000005933,00094.276607
0000000005934,00094.285770
0000000005935,00094.299473
0000000005936,00094.319541
0000000005937,00094.334537
0000000005938,00094.349505
0000000005939,00094.364484
0000000005940,00094.379553
0000000005941,00094.394553
0000000005942,00094.410554
0000000005943,00094.425659
0000000005944,00094.440567
0000000005945,00094.455492
0000000005946,00094.475560
0000000005947,00094.490543
0000000005948,00094.506498
0000000005949,00094.521684
0000000005950,00094.536569
0000000005951,00094.551754
0000000005952,00094.566540
0000000005953,00094.581585
0000000005954,00094.596445
0000000005955,00094.611556
0000000005956,00094.631557
0000000005957,00094.646511
0000000005958,00094.661580
0000000005959,00094.676562
0000000005960,00094.692597
0000000005961,00094.707634
0000000005962,00094.722539
0000000005963,00094.737529
0000000005964,00094.752748
0000000005965,00094.767555
0000000005966,00094.787516
0000000005967,00094.802602
0000000005968,00094.817583
0000000005969,00094.832465
0000000005970,00094.847631
0000000005971,00094.862603
0000000005972,00094.877591
0000000005973,00094.892600
0000000005974,00094.912597
0000000005975,00094.927517
0000000005976,00094.942636
0000000005977,00094.957739
0000000005978,00094.972572
0000000005979,00094.987503
0000000005980,00095.002591
0000000005981,00095.017506
0000000005982,00095.032743
0000000005983,00095.052542
0000000005984,00095.067516
0000000005985,00095.082599
0000000005986,00095.098585
0000000005987,00095.113570
0000000005988,00095.128723
0000000005989,00095.143671
0000000005990,00095.158607
0000000005991,00095.173704
0000000005992,00095.188594
0000000005993,00095.208783
0000000005994,00095.223825
0000000005995,00095.238553
0000000005996,00095.254689
0000000005997,00095.269698
0000000005998,00095.284575
0000000005999,00095.299713
0000000006000,00095.314618
0000000006001,00095.329651
0000000006002,00095.344581
0000000006003,00095.364815
0000000006004,00095.379646
0000000006005,00095.394671
0000000006006,00095.409678
0000000006007,00095.424851
0000000006008,00095.439720
0000000006009,00095.454769
0000000006010,00095.469622
0000000006011,00095.489688
0000000006012,00095.504815
0000000006013,00095.519815
0000000006014,00095.534758
0000000006015,00095.549982
0000000006016,00095.564708
0000000006017,00095.579896
0000000006018,00095.594622
0000000006019,00095.614930
0000000006020,00095.629801
0000000006021,00095.644787
0000000006022,00095.659976
0000000006023,00095.675014
0000000006024,00095.689692
0000000006025,00095.704702
0000000006026,00095.719708
0000000006027,00095.734865
0000000006028,00095.754888
0000000006029,00095.769714
0000000006030,00095.785001
0000000006031,00095.799730
0000000006032,00095.824923
0000000006033,00095.848517
0000000006034,00095.871720
0000000006035,00095.898515
0000000006036,00095.921496
0000000006037,00095.944894
0000000006038,00095.968048
0000000006039,00095.991433
0000000006040,00096.015271
0000000006041,00096.038252
0000000006042,00096.061235
0000000006043,00096.084463
0000000006044,00096.108929
0000000006045,00096.135648
0000000006046,00096.161662
0000000006047,00096.186343
0000000006048,00096.212529
0000000006049,00096.235727
0000000006050,00096.261638
0000000006051,00096.286950
0000000006052,00096.311691
0000000006053,00096.334946
0000000006054,00096.363761
0000000006055,00096.388087
0000000006056,00096.411274
0000000006057,00096.436539
0000000006058,00096.461413
0000000006059,00096.484117
0000000006060,00096.509496
0000000006061,00096.532814
0000000006062,00096.555189
0000000006063,00096.578173
0000000006064,00096.603286
0000000006065,00096.627238
0000000006066,00096.652121
0000000006067,00096.675217
0000000006068,00096.697972
0000000006069,00096.720569
0000000006070,00096.746740
0000000006071,00096.769482
0000000006072,00096.793261
0000000006073,00096.816329
0000000006074,00096.839828
0000000006075,00096.862856
0000000006076,00096.885187
0000000006077,00096.908128
0000000006078,00096.931710
0000000006079,00096.957240
0000000006080,00096.980335
0000000006081,00097.003754
0000000006082,00097.026416
0000000006083,00097.052153
0000000006084,00097.074806
0000000006085,00097.100496
0000000006086,00097.124417
0000000006087,00097.149679
0000000006088,00097.172944
0000000006089,00097.197534
0000000006090,00097.220733
0000000006091,00097.244440
0000000006092,00097.267635
0000000006093,00097.290344
0000000006094,00097.313806
0000000006095,00097.336478
0000000006096,00097.362124
0000000006097,00097.385612
0000000006098,00097.408826
0000000006099,00097.432837
0000000006100,00097.455838
0000000006101,00097.479660
0000000006102,00097.502918
0000000006103,00097.526882
0000000006104,00097.550093
0000000006105,00097.574589
0000000006106,00097.601342
0000000006107,00097.624709
0000000006108,00097.650554
0000000006109,00097.673957
0000000006110,00097.698434
0000000006111,00097.721852
0000000006112,00097.744546
0000000006113,00097.771471
0000000006114,00097.795572
0000000006115,00097.818848
0000000006116,00097.841606
0000000006117,00097.867890
0000000006118,00097.891193
0000000006119,00097.916227
0000000006120,00097.939619
0000000006121,00097.963999
0000000006122,00097.987332
0000000006123,00098.010950
0000000006124,00098.034702
0000000006125,00098.057104
0000000006126,00098.080464
0000000006127,00098.103021
0000000006128,00098.128990
0000000006129,00098.152253
0000000006130,00098.200766
0000000006131,00098.224669
0000000006132,00098.245812
0000000006133,00098.267947
0000000006134,00098.289558
0000000006135,00098.311625
0000000006136,00098.333358
0000000006137,00098.354998
0000000006138,00098.379431
0000000006139,00098.409046
0000000006140,00098.431443
0000000006141,00098.453979
0000000006142,00098.476025
0000000006143,00098.498923
0000000006144,00098.521243
0000000006145,00098.544317
0000000006146,00098.567041
0000000006147,00098.589172
0000000006148,00098.612075
0000000006149,00098.633964
0000000006150,00098.656686
0000000006151,00098.678682
0000000006152,00098.701924
0000000006153,00098.724099
0000000006154,00098.746335
0000000006155,00098.768963
0000000006156,00098.792252
0000000006157,00098.816568
0000000006158,00098.838480
0000000006159,00098.861470
0000000006160,00098.883321
0000000006161,00098.905675
0000000006162,00098.927826
0000000006163,00098.934683
0000000006164,00098.949659
0000000006165,00098.964782
0000000006166,00098.979754
0000000006167,00098.999663
0000000006168,00099.014800
0000000006169,00099.029730
0000000006170,00099.044664
0000000006171,00099.059731
0000000006172,00099.074697
0000000006173,00099.089672
0000000006174,00099.104770
0000000006175,00099.119724
0000000006176,00099.139616
0000000006177,00099.154783
0000000006178,00099.169750
0000000006179,00099.184741
0000000006180,00099.199945
0000000006181,00099.214706
0000000006182,00099.229651
0000000006183,00099.244655
0000000006184,00099.264761
0000000006185,00099.279667
0000000006186,00099.294720
0000000006187,00099.309842
0000000006188,00099.324793
0000000006189,00099.339840
0000000006190,00099.354807
0000000006191,00099.369815
0000000006192,00099.389792
0000000006193,00099.404778
0000000006194,00099.419769
0000000006195,00099.434875
0000000006196,00099.449819
0000000006197,00099.464730
0000000006198,00099.479774
0000000006199,00099.494808
0000000006200,00099.509766
0000000006201,00099.529864
0000000006202,00099.544825
0000000006203,00099.559744
0000000006204,00099.574880
0000000006205,00099.589790
0000000006206,00099.604745
0000000006207,00099.619950
0000000006208,00099.634783
0000000006209,00099.654767
0000000006210,00099.669819
0000000006211,00099.684761
0000000006212,00099.699767
0000000006213,00099.714968
0000000006214,00099.729958
0000000006215,00099.744790
0000000006216,00099.759682
0000000006217,00099.779945
0000000006218,00099.794783
0000000006219,00099.809896
0000000006220,00099.824747
0000000006221,00099.839734
0000000006222,00099.854924
0000000006223,00099.869763
0000000006224,00099.884801
0000000006225,00099.899746
0000000006226,00099.919988
0000000006227,00099.934945
0000000006228,00099.949805
0000000006229,00099.964930
0000000006230,00099.979965
0000000006231,00099.994885
0000000006232,00100.009849
0000000006233,00100.024769
0000000006234,00100.044790
0000000006235,00100.059822
0000000006236,00100.074747
0000000006237,00100.089829
0000000006238,00100.104812
0000000006239,00100.119758
0000000006240,00100.134828
0000000006241,00100.149877
0000000006242,00100.169846
0000000006243,00100.184815
0000000006244,00100.199796
0000000006245,00100.214743
0000000006246,00100.229850
0000000006247,00100.244788
0000000006248,00100.259878
0000000006249,00100.274816
0000000006250,00100.289854
0000000006251,00100.309772
0000000006252,00100.324803
0000000006253,00100.339840
0000000006254,00100.354761
0000000006255,00100.369821
0000000006256,00100.384760
0000000006257,00100.399754
0000000006258,00100.414715
0000000006259,00100.434860
0000000006260,00100.449823
0000000006261,00100.464808
0000000006262,00100.479896
0000000006263,00100.494753
0000000006264,00100.509715
0000000006265,00100.524840
0000000006266,00100.539722
0000000006267,00100.559879
0000000006268,00100.574847
0000000006269,00100.589820
0000000006270,00100.604895
0000000006271,00100.619855
0000000006272,00100.634796
0000000006273,00100.649860
0000000006274,00100.664838
0000000006275,00100.679782
0000000006276,00100.699850
0000000006277,00100.714817
0000000006278,00100.729882
0000000006279,00100.744837
0000000006280,00100.759757
0000000006281,00100.774746
0000000006282,00100.789818
0000000006283,00100.805011
0000000006284,00100.824812
0000000006285,00100.839861
0000000006286,00100.855048
0000000006287,00100.869760
0000000006288,00100.884859
0000000006289,00100.899839
0000000006290,00100.914793
0000000006291,00100.929736
0000000006292,00100.949865
0000000006293,00100.964801
0000000006294,00100.979847
0000000006295,00100.994938
0000000006296,00101.009758
0000000006297,00101.024816
0000000006298,00101.039793
0000000006299,00101.054760
0000000006300,00101.069771
0000000006301,00101.089988
0000000006302,00101.105044
0000000006303,00101.119849
0000000006304,00101.134979
0000000006305,00101.149866
0000000006306,00101.165116
0000000006307,00101.179815
0000000006308,00101.194799
0000000006309,00101.214824
0000000006310,00101.229932
0000000006311,00101.244850
0000000006312,00101.260083
0000000006313,00101.275025
0000000006314,00101.298141
0000000006315,00101.325037
0000000006316,00101.350317
0000000006317,00101.373746
0000000006318,00101.397575
0000000006319,00101.424271
0000000006320,00101.447509
0000000006321,00101.470833
0000000006322,00101.493490
0000000006323,00101.517266
0000000006324,00101.540883
0000000006325,00101.564287
0000000006326,00101.588122
0000000006327,00101.613057
0000000006328,00101.636439
0000000006329,00101.661460
0000000006330,00101.723222
0000000006331,00101.791379
0000000006332,00101.816288
0000000006333,00101.843602
0000000006334,00101.866203
0000000006335,00101.889364
0000000006336,00101.913421
0000000006337,00101.939952
0000000006338,00101.966254
0000000006339,00101.989735
0000000006340,00102.012856
0000000006341,00102.039874
0000000006342,00102.065229
0000000006343,00102.088696
0000000006344,00102.113457
0000000006345,00102.136418
0000000006346,00102.159531
0000000006347,00102.182814
0000000006348,00102.207446
0000000006349,00102.233002
0000000006350,00102.255988
0000000006351,00102.278868
0000000006352,00102.302157
0000000006353,00102.327564
0000000006354,00102.351087
0000000006355,00102.373576
0000000006356,00102.396770
0000000006357,00102.419639
0000000006358,00102.444833
0000000006359,00102.467517
0000000006360,00102.491300
0000000006361,00102.515889
0000000006362,00102.539990
0000000006363,00102.562872
0000000006364,00102.586303
0000000006365,00102.608908
0000000006366,00102.632293
0000000006367,00102.658578
0000000006368,00102.681961
0000000006369,00102.706636
0000000006370,00102.730315
0000000006371,00102.753485
0000000006372,00102.779204
0000000006373,00102.801968
0000000006374,00102.828851
0000000006375,00102.852451
0000000006376,00102.865027
0000000006377,00102.879898
0000000006378,00102.895031
0000000006379,00102.915022
0000000006380,00102.929978
0000000006381,00102.944916
0000000006382,00102.959946
0000000006383,00102.975077
0000000006384,00102.990000
0000000006385,00103.005071
0000000006386,00103.019904
0000000006387,00103.039985
0000000006388,00103.055032
0000000006389,00103.069945
0000000006390,00103.084960
0000000006391,00103.099967
0000000006392,00103.114925
0000000006393,00103.129939
0000000006394,00103.144949
0000000006395,00103.164949
0000000006396,00103.179983
0000000006397,00103.195147
0000000006398,00103.210015
0000000006399,00103.225072
0000000006400,00103.239974
0000000006401,00103.254993
0000000006402,00103.269907
0000000006403,00103.284983
0000000006404,00103.304969
0000000006405,00103.319946
0000000006406,00103.334990
0000000006407,00103.349968
0000000006408,00103.365040
0000000006409,00103.379938
0000000006410,00103.395039
0000000006411,00103.409984
0000000006412,00103.429998
0000000006413,00103.444889
0000000006414,00103.460069
0000000006415,00103.475101
0000000006416,00103.489896
0000000006417,00103.504954
0000000006418,00103.520091
0000000006419,00103.534895
0000000006420,00103.554972
0000000006421,00103.569984
0000000006422,00103.584935
0000000006423,00103.600018
0000000006424,00103.614916
0000000006425,00103.629880
0000000006426,00103.644964
0000000006427,00103.659914
0000000006428,00103.674976
0000000006429,00103.694934
0000000006430,00103.710034
0000000006431,00103.724969
0000000006432,00103.740004
0000000006433,00103.755057
0000000006434,00103.770022
0000000006435,00103.785022
0000000006436,00103.800004
0000000006437,00103.819994
0000000006438,00103.834911
0000000006439,00103.849918
0000000006440,00103.865002
0000000006441,00103.880034
0000000006442,00103.895024
0000000006443,00103.910009
0000000006444,00103.925066
0000000006445,00103.944969
0000000006446,00103.959954
0000000006447,00103.975102
0000000006448,00103.989987
0000000006449,00104.004921
0000000006450,00104.020065
0000000006451,00104.034975
0000000006452,00104.049982
0000000006453,00104.065018
0000000006454,00104.085028
0000000006455,00104.100000
0000000006456,00104.115002
0000000006457,00104.130012
0000000006458,00104.144864
0000000006459,00104.159995
0000000006460,00104.175010
0000000006461,00104.189898
0000000006462,00104.210045
0000000006463,00104.225058
0000000006464,00104.239956
0000000006465,00104.255029
0000000006466,00104.270033
0000000006467,00104.284987
0000000006468,00104.300046
0000000006469,00104.315015
0000000006470,00104.334986
0000000006471,00104.349985
0000000006472,00104.364928
0000000006473,00104.380967
0000000006474,00104.396053
0000000006475,00104.411049
0000000006476,00104.426020
0000000006477,00104.441024
0000000006478,00104.456059
0000000006479,00104.470962
0000000006480,00104.490969
0000000006481,00104.506060
0000000006482,00104.520978
0000000006483,00104.536193
0000000006484,00104.551030
0000000006485,00104.566095
0000000006486,00104.581067
0000000006487,00104.596004
0000000006488,00104.611017
0000000006489,00104.631052
0000000006490,00104.646035
0000000006491,00104.660930
0000000006492,00104.676131
0000000006493,00104.691024
0000000006494,00104.705997
0000000006495,00104.720981
0000000006496,00104.736044
0000000006497,00104.755972
0000000006498,00104.771028
0000000006499,00104.786053
0000000006500,00104.800960
0000000006501,00104.815986
0000000006502,00104.831020
0000000006503,00104.845986
0000000006504,00104.861064
0000000006505,00104.881041
0000000006506,00104.895944
0000000006507,00104.911058
0000000006508,00104.926017
0000000006509,00104.941064
0000000006510,00104.956045
0000000006511,00104.970995
0000000006512,00104.986002
0000000006513,00105.000997
0000000006514,00105.021067
0000000006515,00105.035990
0000000006516,00105.050994
0000000006517,00105.066048
0000000006518,00105.081041
0000000006519,00105.096108
0000000006520,00105.110959
0000000006521,00105.126042
0000000006522,00105.146095
0000000006523,00105.161038
0000000006524,00105.176004
0000000006525,00105.191025
0000000006526,00105.206060
0000000006527,00105.220961
0000000006528,00105.243886
0000000006529,00105.266402
0000000006530,00105.300690
0000000006531,00105.342295
0000000006532,00105.368820
0000000006533,00105.392195
0000000006534,00105.418456
0000000006535,00105.441848
0000000006536,00105.464441
0000000006537,00105.489905
0000000006538,00105.514160
0000000006539,00105.537161
0000000006540,00105.559822
0000000006541,00105.583047
0000000006542,00105.605575
0000000006543,00105.628794
0000000006544,00105.651538
0000000006545,00105.679525
0000000006546,00105.704185
0000000006547,00105.730748
0000000006548,00105.757599
0000000006549,00105.780967
0000000006550,00105.804249
0000000006551,00105.827382
0000000006552,00105.854332
0000000006553,00105.877641
0000000006554,00105.903045
0000000006555,00105.929450
0000000006556,00105.952524
0000000006557,00105.978614
0000000006558,00106.001590
0000000006559,00106.024952
0000000006560,00106.048100
0000000006561,00106.071203
0000000006562,00106.094417
0000000006563,00106.120831
0000000006564,00106.146144
0000000006565,00106.170762
0000000006566,00106.194502
0000000006567,00106.221173
0000000006568,00106.245238
0000000006569,00106.268640
0000000006570,00106.293122
0000000006571,00106.316544
0000000006572,00106.341061
0000000006573,00106.366258
0000000006574,00106.389026
0000000006575,00106.412108
0000000006576,00106.435489
0000000006577,00106.462601
0000000006578,00106.485722
0000000006579,00106.508821
0000000006580,00106.532549
0000000006581,00106.556088
0000000006582,00106.579476
0000000006583,00106.602460
0000000006584,00106.625207
0000000006585,00106.648585
0000000006586,00106.671531
0000000006587,00106.694708
0000000006588,00106.717800
0000000006589,00106.742698
0000000006590,00106.769517
0000000006591,00106.792320
0000000006592,00106.818166
0000000006593,00106.842260
0000000006594,00106.866634
0000000006595,00106.890218
0000000006596,00106.912956
0000000006597,00106.936154
0000000006598,00106.959670
0000000006599,00106.983498
0000000006600,00107.006367
0000000006601,00107.030209
0000000006602,00107.052787
0000000006603,00107.075776
0000000006604,00107.098937
0000000006605,00107.122894
0000000006606,00107.149253
0000000006607,00107.172278
0000000006608,00107.195368
0000000006609,00107.218347
0000000006610,00107.241159
0000000006611,00107.264369
0000000006612,00107.287082
0000000006613,00107.309956
0000000006614,00107.333089
0000000006615,00107.356377
0000000006616,00107.381415
0000000006617,00107.405186
0000000006618,00107.430629
0000000006619,00107.454016
0000000006620,00107.476902
0000000006621,00107.500288
0000000006622,00107.525519
0000000006623,00107.549006
0000000006624,00107.574638
0000000006625,00107.597835
0000000006626,00107.622174
0000000006627,00107.648373
0000000006628,00107.671555
0000000006629,00107.694644
0000000006630,00107.723870
0000000006631,00107.746622
0000000006632,00107.769907
0000000006633,00107.793756
0000000006634,00107.820036
0000000006635,00107.843165
0000000006636,00107.865861
0000000006637,00107.888623
0000000006638,00107.914678
0000000006639,00107.937898
0000000006640,00107.962491
0000000006641,00107.989105
0000000006642,00108.012275
0000000006643,00108.035340
0000000006644,00108.059684
0000000006645,00108.084994
0000000006646,00108.108474
0000000006647,00108.130898
0000000006648,00108.154044
0000000006649,00108.176951
0000000006650,00108.201328
0000000006651,00108.224133
0000000006652,00108.247584
0000000006653,00108.270464
0000000006654,00108.293706
0000000006655,00108.316793
0000000006656,00108.341392
0000000006657,00108.347596
0000000006658,00108.357039
0000000006659,00108.372195
0000000006660,00108.387168
0000000006661,00108.402058
0000000006662,00108.422175
0000000006663,00108.437156
0000000006664,00108.452105
0000000006665,00108.467153
0000000006666,00108.482238
0000000006667,00108.497134
0000000006668,00108.512243
0000000006669,00108.527155
0000000006670,00108.542075
0000000006671,00108.562217
0000000006672,00108.577172
0000000006673,00108.592090
0000000006674,00108.607155
0000000006675,00108.622197
0000000006676,00108.637174
0000000006677,00108.652145
0000000006678,00108.667243
0000000006679,00108.687145
0000000006680,00108.702241
0000000006681,00108.717168
0000000006682,00108.732269
0000000006683,00108.747193
0000000006684,00108.762205
0000000006685,00108.777282
0000000006686,00108.792310
0000000006687,00108.812248
0000000006688,00108.827258
0000000006689,00108.842411
0000000006690,00108.857169
0000000006691,00108.872530
0000000006692,00108.887257
0000000006693,00108.902164
0000000006694,00108.917296
0000000006695,00108.932380
0000000006696,00108.952392
0000000006697,00108.967156
0000000006698,00108.982221
0000000006699,00108.997178
0000000006700,00109.012039
0000000006701,00109.027206
0000000006702,00109.042214
0000000006703,00109.057159
0000000006704,00109.077268
0000000006705,00109.092156
0000000006706,00109.107137
0000000006707,00109.122162
0000000006708,00109.137206
0000000006709,00109.152179
0000000006710,00109.167190
0000000006711,00109.182177
0000000006712,00109.202232
0000000006713,00109.217265
0000000006714,00109.232231
0000000006715,00109.247170
0000000006716,00109.262278
0000000006717,00109.277158
0000000006718,00109.292103
0000000006719,00109.307305
0000000006720,00109.322193
0000000006721,00109.342190
0000000006722,00109.357198
0000000006723,00109.372187
0000000006724,00109.387137
0000000006725,00109.402306
0000000006726,00109.417198
0000000006727,00109.432145
0000000006728,00109.447195
0000000006729,00109.467234
0000000006730,00109.531422
0000000006731,00109.558105
0000000006732,00109.565109
0000000006733,00109.575004
0000000006734,00109.590141
0000000006735,00109.604993
0000000006736,00109.620077
0000000006737,00109.635134
0000000006738,00109.650042
0000000006739,00109.664983
0000000006740,00109.685127
0000000006741,00109.700054
0000000006742,00109.715118
0000000006743,00109.730110
0000000006744,00109.745154
0000000006745,00109.760072
0000000006746,00109.776082
0000000006747,00109.791160
0000000006748,00109.806040
0000000006749,00109.821036
0000000006750,00109.841131
0000000006751,00109.856041
0000000006752,00109.871100
0000000006753,00109.886127
0000000006754,00109.901077
0000000006755,00109.916138
0000000006756,00109.931209
0000000006757,00109.946089
0000000006758,00109.966182
0000000006759,00109.977105
0000000006760,00109.997130
0000000006761,00110.012124
0000000006762,00110.027106
0000000006763,00110.042148
0000000006764,00110.057122
0000000006765,00110.072140
0000000006766,00110.087072
0000000006767,00110.102344
0000000006768,00110.122155
0000000006769,00110.137134
0000000006770,00110.152128
0000000006771,00110.168195
0000000006772,00110.183035
0000000006773,00110.198143
0000000006774,00110.213071
0000000006775,00110.228017
0000000006776,00110.243127
0000000006777,00110.258080
0000000006778,00110.278103
0000000006779,00110.293144
0000000006780,00110.308122
0000000006781,00110.323115
0000000006782,00110.338148
0000000006783,00110.353141
0000000006784,00110.368070
0000000006785,00110.383181
0000000006786,00110.403133
0000000006787,00110.418081
0000000006788,00110.433200
0000000006789,00110.448155
0000000006790,00110.463096
0000000006791,00110.478146
0000000006792,00110.492992
0000000006793,00110.508275
0000000006794,00110.523232
0000000006795,00110.543215
0000000006796,00110.558172
0000000006797,00110.574160
0000000006798,00110.589119
0000000006799,00110.604250
0000000006800,00110.619299
0000000006801,00110.634176
0000000006802,00110.649103
0000000006803,00110.664353
0000000006804,00110.679114
0000000006805,00110.699219
0000000006806,00110.721859
0000000006807,00110.744179
0000000006808,00110.766481
0000000006809,00110.788846
0000000006810,00110.812781
0000000006811,00110.835359
0000000006812,00110.860014
0000000006813,00110.883213
0000000006814,00110.906253
0000000006815,00110.929506
0000000006816,00110.954813
0000000006817,00110.977245
0000000006818,00111.003432
0000000006819,00111.026509
0000000006820,00111.049530
0000000006821,00111.073026
0000000006822,00111.097998
0000000006823,00111.121165
0000000006824,00111.145966
0000000006825,00111.172509
0000000006826,00111.195728
0000000006827,00111.221352
0000000006828,00111.244740
0000000006829,00111.270177
0000000006830,00111.295460
0000000006831,00111.324796
0000000006832,00111.347569
0000000006833,00111.371064
0000000006834,00111.395685
0000000006835,00111.418890
0000000006836,00111.441444
0000000006837,00111.467211
0000000006838,00111.489893
0000000006839,00111.516533
0000000006840,00111.539796
0000000006841,00111.562634
0000000006842,00111.585865
0000000006843,00111.608618
0000000006844,00111.632422
0000000006845,00111.655632
0000000006846,00111.678065
0000000006847,00111.701288
0000000006848,00111.724190
0000000006849,00111.747440
0000000006850,00111.771245
0000000006851,00111.795159
0000000006852,00111.817761
0000000006853,00111.843022
0000000006854,00111.865709
0000000006855,00111.891565
0000000006856,00111.914398
0000000006857,00111.937791
0000000006858,00111.961097
0000000006859,00111.984592
0000000006860,00112.008121
0000000006861,00112.031833
0000000006862,00112.055160
0000000006863,00112.079551
0000000006864,00112.105316
0000000006865,00112.128729
0000000006866,00112.151559
0000000006867,00112.176468
0000000006868,00112.201810
0000000006869,00112.225575
0000000006870,00112.249853
0000000006871,00112.273868
0000000006872,00112.279989
0000000006873,00112.289176
0000000006874,00112.304239
0000000006875,00112.319250
0000000006876,00112.334163
0000000006877,00112.349324
0000000006878,00112.364219
0000000006879,00112.384215
0000000006880,00112.399210
0000000006881,00112.414391
0000000006882,00112.429285
0000000006883,00112.444358
0000000006884,00112.459423
0000000006885,00112.474203
0000000006886,00112.489244
0000000006887,00112.509291
0000000006888,00112.524219
0000000006889,00112.539230
0000000006890,00112.554419
0000000006891,00112.569260
0000000006892,00112.584243
0000000006893,00112.599268
0000000006894,00112.614361
0000000006895,00112.629180
0000000006896,00112.649465
0000000006897,00112.664286
0000000006898,00112.679264
0000000006899,00112.694572
0000000006900,00112.709224
0000000006901,00112.724255
0000000006902,00112.739250
0000000006903,00112.754451
0000000006904,00112.774739
0000000006905,00112.789314
0000000006906,00112.804200
0000000006907,00112.819234
0000000006908,00112.834300
0000000006909,00112.849284
0000000006910,00112.864435
0000000006911,00112.880320
0000000006912,00112.895197
0000000006913,00112.910225
0000000006914,00112.930292
0000000006915,00112.945239
0000000006916,00112.960251
0000000006917,00112.975274
0000000006918,00112.990180
0000000006919,00113.005272
0000000006920,00113.020316
0000000006921,00113.035213
0000000006922,00113.055393
0000000006923,00113.070204
0000000006924,00113.085353
0000000006925,00113.100333
0000000006926,00113.115474
0000000006927,00113.130239
0000000006928,00113.145439
0000000006929,00113.160325
0000000006930,00113.193785
0000000006931,00113.201241
0000000006932,00113.210302
0000000006933,00113.225188
0000000006934,00113.240262
0000000006935,00113.255494
0000000006936,00113.270238
0000000006937,00113.285434
0000000006938,00113.300315
0000000006939,00113.320613
0000000006940,00113.335302
0000000006941,00113.350347
0000000006942,00113.365323
0000000006943,00113.380315
0000000006944,00113.395467
0000000006945,00113.410225
0000000006946,00113.425267
0000000006947,00113.445731
0000000006948,00113.460277
0000000006949,00113.475370
0000000006950,00113.490315
0000000006951,00113.505450
0000000006952,00113.520353
0000000006953,00113.535772
0000000006954,00113.550585
0000000006955,00113.565508
0000000006956,00113.585568
0000000006957,00113.600233
0000000006958,00113.615352
0000000006959,00113.630226
0000000006960,00113.645222
0000000006961,00113.660465
0000000006962,00113.675291
0000000006963,00113.690282
0000000006964,00113.710300
0000000006965,00113.725309
0000000006966,00113.740251
0000000006967,00113.755430
0000000006968,00113.770248
0000000006969,00113.785455
0000000006970,00113.800217
0000000006971,00113.815459
0000000006972,00113.830306
0000000006973,00113.850496
0000000006974,00113.865261
0000000006975,00113.880238
0000000006976,00113.895252
0000000006977,00113.910485
0000000006978,00113.925253
0000000006979,00113.940224
0000000006980,00113.955461
0000000006981,00113.975437
0000000006982,00113.990434
0000000006983,00114.005635
0000000006984,00114.020252
0000000006985,00114.036123
0000000006986,00114.050498
0000000006987,00114.065485
0000000006988,00114.080558
0000000006989,00114.100391
0000000006990,00114.115233
0000000006991,00114.130439
0000000006992,00114.145383
0000000006993,00114.160377
0000000006994,00114.175407
0000000006995,00114.190349
0000000006996,00114.205415
0000000006997,00114.220307
0000000006998,00114.240540
0000000006999,00114.255358
0000000007000,00114.270407
0000000007001,00114.285433
0000000007002,00114.300398
0000000007003,00114.315355
0000000007004,00114.330353
0000000007005,00114.345330
0000000007006,00114.365497
0000000007007,00114.380382
0000000007008,00114.395498
0000000007009,00114.410393
0000000007010,00114.425440
0000000007011,00114.440420
0000000007012,00114.455389
0000000007013,00114.470365
0000000007014,00114.490409
0000000007015,00114.505495
0000000007016,00114.520635
0000000007017,00114.535561
0000000007018,00114.550638
0000000007019,00114.565332
0000000007020,00114.580545
0000000007021,00114.595414
0000000007022,00114.610385
0000000007023,00114.630381
0000000007024,00114.653235
0000000007025,00114.676396
0000000007026,00114.699199
0000000007027,00114.722446
0000000007028,00114.747538
0000000007029,00114.770850
0000000007030,00114.793933
0000000007031,00114.816902
0000000007032,00114.839761
0000000007033,00114.863892
0000000007034,00114.890586
0000000007035,00114.916074
0000000007036,00114.939629
0000000007037,00114.965602
0000000007038,00114.992532
0000000007039,00115.014996
0000000007040,00115.038434
0000000007041,00115.062888
0000000007042,00115.089624
0000000007043,00115.112645
0000000007044,00115.137225
0000000007045,00115.160509
0000000007046,00115.183375
0000000007047,00115.206660
0000000007048,00115.229462
0000000007049,00115.252579
0000000007050,00115.279008
0000000007051,00115.302215
0000000007052,00115.328288
0000000007053,00115.351233
0000000007054,00115.373855
0000000007055,00115.396966
0000000007056,00115.419363
0000000007057,00115.442485
0000000007058,00115.467889
0000000007059,00115.494297
0000000007060,00115.517665
0000000007061,00115.542764
0000000007062,00115.565832
0000000007063,00115.588603
0000000007064,00115.611619
0000000007065,00115.636296
0000000007066,00115.658869
0000000007067,00115.682109
0000000007068,00115.707452
0000000007069,00115.730379
0000000007070,00115.753481
0000000007071,00115.776819
0000000007072,00115.799697
0000000007073,00115.822638
0000000007074,00115.845862
0000000007075,00115.870800
0000000007076,00115.893995
0000000007077,00115.919319
0000000007078,00115.942376
0000000007079,00115.967264
0000000007080,00115.990195
0000000007081,00116.014127
0000000007082,00116.037229
0000000007083,00116.061880
0000000007084,00116.084991
0000000007085,00116.109125
0000000007086,00116.132219
0000000007087,00116.155290
0000000007088,00116.178039
0000000007089,00116.202777
0000000007090,00116.229447
0000000007091,00116.252647
0000000007092,00116.275146
0000000007093,00116.301958
0000000007094,00116.327047
0000000007095,00116.350119
0000000007096,00116.372568
0000000007097,00116.398339
0000000007098,00116.421480
0000000007099,00116.444056
0000000007100,00116.468474
0000000007101,00116.494799
0000000007102,00116.517856
0000000007103,00116.540294
0000000007104,00116.564752
0000000007105,00116.587532
0000000007106,00116.613137
0000000007107,00116.635611
0000000007108,00116.658634
0000000007109,00116.681123
0000000007110,00116.703518
0000000007111,00116.726502
0000000007112,00116.749956
0000000007113,00116.775997
0000000007114,00116.799264
0000000007115,00116.825234
0000000007116,00116.848521
0000000007117,00116.872850
0000000007118,00116.896057
0000000007119,00116.923914
0000000007120,00116.951573
0000000007121,00116.977749
0000000007122,00117.000831
0000000007123,00117.023423
0000000007124,00117.046682
0000000007125,00117.071712
0000000007126,00117.098433
0000000007127,00117.120986
0000000007128,00117.147578
0000000007129,00117.173255
0000000007130,00117.263325
0000000007131,00117.289036
0000000007132,00117.311293
0000000007133,00117.332979
0000000007134,00117.354732
0000000007135,00117.376706
0000000007136,00117.398225
0000000007137,00117.420154
0000000007138,00117.445070
0000000007139,00117.467587
0000000007140,00117.489653
0000000007141,00117.511926
0000000007142,00117.536703
0000000007143,00117.559302
0000000007144,00117.581527
0000000007145,00117.603834
0000000007146,00117.625745
0000000007147,00117.649434
0000000007148,00117.671623
0000000007149,00117.693946
0000000007150,00117.716319
0000000007151,00117.740576
0000000007152,00117.762364
0000000007153,00117.768458
0000000007154,00117.780780
0000000007155,00117.795382
0000000007156,00117.810220
0000000007157,00117.826367
0000000007158,00117.840451
0000000007159,00117.855285
0000000007160,00117.875335
0000000007161,00117.890368
0000000007162,00117.905276
0000000007163,00117.920377
0000000007164,00117.935347
0000000007165,00117.950450
0000000007166,00117.965448
0000000007167,00117.980363
0000000007168,00117.995311
0000000007169,00118.015459
0000000007170,00118.030327
0000000007171,00118.045283
0000000007172,00118.060329
0000000007173,00118.075381
0000000007174,00118.090340
0000000007175,00118.105292
0000000007176,00118.120355
0000000007177,00118.140349
0000000007178,00118.155413
0000000007179,00118.170322
0000000007180,00118.185237
0000000007181,00118.200369
0000000007182,00118.215377
0000000007183,00118.230233
0000000007184,00118.245462
0000000007185,00118.265377
0000000007186,00118.280358
0000000007187,00118.295400
0000000007188,00118.310365
0000000007189,00118.325371
0000000007190,00118.340374
0000000007191,00118.355345
0000000007192,00118.370243
0000000007193,00118.385500
0000000007194,00118.405422
0000000007195,00118.420354
0000000007196,00118.435345
0000000007197,00118.450354
0000000007198,00118.465393
0000000007199,00118.480368
0000000007200,00118.495366
0000000007201,00118.510272
0000000007202,00118.530414
0000000007203,00118.545356
0000000007204,00118.560376
0000000007205,00118.575414
0000000007206,00118.590371
0000000007207,00118.605347
0000000007208,00118.620381
0000000007209,00118.635381
0000000007210,00118.655357
0000000007211,00118.670411
0000000007212,00118.685383
0000000007213,00118.700378
0000000007214,00118.715334
0000000007215,00118.730344
0000000007216,00118.745372
0000000007217,00118.760439
0000000007218,00118.775390
0000000007219,00118.795382
0000000007220,00118.810418
0000000007221,00118.825418
0000000007222,00118.840314
0000000007223,00118.855428
0000000007224,00118.870452
0000000007225,00118.885303
0000000007226,00118.900232
0000000007227,00118.920389
0000000007228,00118.935315
0000000007229,00118.950419
0000000007230,00118.965419
0000000007231,00118.980548
0000000007232,00118.995374
0000000007233,00119.010393
0000000007234,00119.025544
0000000007235,00119.045398
0000000007236,00119.060376
0000000007237,00119.075573
0000000007238,00119.090444
0000000007239,00119.105343
0000000007240,00119.120332
0000000007241,00119.135461
0000000007242,00119.150386
0000000007243,00119.165331
0000000007244,00119.185398
0000000007245,00119.200413
0000000007246,00119.215374
0000000007247,00119.230415
0000000007248,00119.245418
0000000007249,00119.260362
0000000007250,00119.276393
0000000007251,00119.290351
0000000007252,00119.310346
0000000007253,00119.325427
0000000007254,00119.340362
0000000007255,00119.355356
0000000007256,00119.370295
0000000007257,00119.385441
0000000007258,00119.400500
0000000007259,00119.415467
0000000007260,00119.435513
0000000007261,00119.450453
0000000007262,00119.465453
0000000007263,00119.480520
0000000007264,00119.495475
0000000007265,00119.510543
0000000007266,00119.525461
0000000007267,00119.540443
0000000007268,00119.555488
0000000007269,00119.575536
0000000007270,00119.590503
0000000007271,00119.605482
0000000007272,00119.620479
0000000007273,00119.635421
0000000007274,00119.650521
0000000007275,00119.665493
0000000007276,00119.680480
0000000007277,00119.700552
0000000007278,00119.715704
0000000007279,00119.730468
0000000007280,00119.745514
0000000007281,00119.760480
0000000007282,00119.775498
0000000007283,00119.790465
0000000007284,00119.805499
0000000007285,00119.825536
0000000007286,00119.840504
0000000007287,00119.855651
0000000007288,00119.870432
0000000007289,00119.885476
0000000007290,00119.900520
0000000007291,00119.915507
0000000007292,00119.930596
0000000007293,00119.945489
0000000007294,00119.965444
0000000007295,00119.980526
0000000007296,00119.995504
0000000007297,00120.010445
0000000007298,00120.025633
0000000007299,00120.040373
0000000007300,00120.055577
0000000007301,00120.070446
0000000007302,00120.090782
0000000007303,00120.105821
0000000007304,00120.131267
0000000007305,00120.154223
0000000007306,00120.176925
0000000007307,00120.202608
0000000007308,00120.225063
0000000007309,00120.249777
0000000007310,00120.273696
0000000007311,00120.298703
0000000007312,00120.322008
0000000007313,00120.344385
0000000007314,00120.366962
0000000007315,00120.389369
0000000007316,00120.413782
0000000007317,00120.438460
0000000007318,00120.461428
0000000007319,00120.487020
0000000007320,00120.509964
0000000007321,00120.535006
0000000007322,00120.567512
0000000007323,00120.590543
0000000007324,00120.614697
0000000007325,00120.637435
0000000007326,00120.661882
0000000007327,00120.684763
0000000007328,00120.708268
0000000007329,00120.734490
0000000007330,00120.761403
0000000007331,00120.809990
0000000007332,00120.832072
0000000007333,00120.856535
0000000007334,00120.878961
0000000007335,00120.900997
0000000007336,00120.923272
0000000007337,00120.945051
0000000007338,00120.967882
0000000007339,00120.989841
0000000007340,00121.013820
0000000007341,00121.035931
0000000007342,00121.058463
0000000007343,00121.080731
0000000007344,00121.103216
0000000007345,00121.127154
0000000007346,00121.153951
0000000007347,00121.175960
0000000007348,00121.198934
0000000007349,00121.221123
0000000007350,00121.246907
0000000007351,00121.269246
0000000007352,00121.292280
0000000007353,00121.316818
0000000007354,00121.339805
0000000007355,00121.364928
0000000007356,00121.389315
0000000007357,00121.411910
0000000007358,00121.438616
0000000007359,00121.461496
0000000007360,00121.484626
0000000007361,00121.509922
0000000007362,00121.534225
0000000007363,00121.560866
0000000007364,00121.586407
0000000007365,00121.608974
0000000007366,00121.632435
0000000007367,00121.654697
0000000007368,00121.677802
0000000007369,00121.684228
0000000007370,00121.696614
0000000007371,00121.711639
0000000007372,00121.726657
0000000007373,00121.741593
0000000007374,00121.756567
0000000007375,00121.771609
0000000007376,00121.786577
0000000007377,00121.806665
0000000007378,00121.821723
0000000007379,00121.836564
0000000007380,00121.851629
0000000007381,00121.866588
0000000007382,00121.881605
0000000007383,00121.896642
0000000007384,00121.911657
0000000007385,00121.926665
0000000007386,00121.942567
0000000007387,00121.962772
0000000007388,00121.977725
0000000007389,00121.992590
0000000007390,00122.007633
0000000007391,00122.022619
0000000007392,00122.037879
0000000007393,00122.052764
0000000007394,00122.067601
0000000007395,00122.082788
0000000007396,00122.102760
0000000007397,00122.117619
0000000007398,00122.132663
0000000007399,00122.147633
0000000007400,00122.162610
0000000007401,00122.177774
0000000007402,00122.192693
0000000007403,00122.207676
0000000007404,00122.228004
0000000007405,00122.242853
0000000007406,00122.257617
0000000007407,00122.272860
0000000007408,00122.287905
0000000007409,00122.302600
0000000007410,00122.317814
0000000007411,00122.332617
0000000007412,00122.352941
0000000007413,00122.367605
0000000007414,00122.382611
0000000007415,00122.397573
0000000007416,00122.413074
0000000007417,00122.427633
0000000007418,00122.442710
0000000007419,00122.457681
0000000007420,00122.472882
0000000007421,00122.493001
0000000007422,00122.507744
0000000007423,00122.522673
0000000007424,00122.538590
0000000007425,00122.553635
0000000007426,00122.568716
0000000007427,00122.583575
0000000007428,00122.598631
0000000007429,00122.613941
0000000007430,00122.628606
0000000007431,00122.648574
0000000007432,00122.664002
0000000007433,00122.678602
0000000007434,00122.693641
0000000007435,00122.708651
0000000007436,00122.723649
0000000007437,00122.738704
0000000007438,00122.753737
0000000007439,00122.773705
0000000007440,00122.788766
0000000007441,00122.803715
0000000007442,00122.818701
0000000007443,00122.833687
0000000007444,00122.848693
0000000007445,00122.863714
0000000007446,00122.878628
0000000007447,00122.898666
0000000007448,00122.913638
0000000007449,00122.928714
0000000007450,00122.943671
0000000007451,00122.958647
0000000007452,00122.973689
0000000007453,00122.988823
0000000007454,00123.003624
0000000007455,00123.018601
0000000007456,00123.038661
0000000007457,00123.053577
0000000007458,00123.068774
0000000007459,00123.083729
0000000007460,00123.098634
0000000007461,00123.113604
0000000007462,00123.128714
0000000007463,00123.143596
0000000007464,00123.163648
0000000007465,00123.178700
0000000007466,00123.193636
0000000007467,00123.208639
0000000007468,00123.223642
0000000007469,00123.238648
0000000007470,00123.253643
0000000007471,00123.268703
0000000007472,00123.288621
0000000007473,00123.303672
0000000007474,00123.318665
0000000007475,00123.333780
0000000007476,00123.348686
0000000007477,00123.363663
0000000007478,00123.378635
0000000007479,00123.393577
0000000007480,00123.408828
0000000007481,00123.428807
0000000007482,00123.443733
0000000007483,00123.458625
0000000007484,00123.473629
0000000007485,00123.488681
0000000007486,00123.503783
0000000007487,00123.518651
0000000007488,00123.533677
0000000007489,00123.553737
0000000007490,00123.568670
0000000007491,00123.583586
0000000007492,00123.598710
0000000007493,00123.613899
0000000007494,00123.628686
0000000007495,00123.643652
0000000007496,00123.658709
0000000007497,00123.678709
0000000007498,00123.693662
0000000007499,00123.708683
0000000007500,00123.723697
0000000007501,00123.738783
0000000007502,00123.753662
0000000007503,00123.768699
0000000007504,00123.783846
0000000007505,00123.798672
0000000007506,00123.818931
0000000007507,00123.833649
0000000007508,00123.848665
0000000007509,00123.863921
0000000007510,00123.878715
0000000007511,00123.893618
0000000007512,00123.908682
0000000007513,00123.923674
0000000007514,00123.943724
0000000007515,00123.958772
0000000007516,00123.973681
0000000007517,00123.988665
0000000007518,00124.003844
0000000007519,00124.018700
0000000007520,00124.033644
0000000007521,00124.056689
0000000007522,00124.080831
0000000007523,00124.103919
0000000007524,00124.126373
0000000007525,00124.153095
0000000007526,00124.178379
0000000007527,00124.202155
0000000007528,00124.224897
0000000007529,00124.250139
0000000007530,00124.332608
0000000007531,00124.365567
0000000007532,00124.386668
0000000007533,00124.408266
0000000007534,00124.430330
0000000007535,00124.451872
0000000007536,00124.474091
0000000007537,00124.495580
0000000007538,00124.518006
0000000007539,00124.540394
0000000007540,00124.562667
0000000007541,00124.585162
0000000007542,00124.607068
0000000007543,00124.629394
0000000007544,00124.651353
0000000007545,00124.673923
0000000007546,00124.695947
0000000007547,00124.717896
0000000007548,00124.741730
0000000007549,00124.764032
0000000007550,00124.786016
0000000007551,00124.807882
0000000007552,00124.830019
0000000007553,00124.851849
0000000007554,00124.873740
0000000007555,00124.895641
0000000007556,00124.917539
0000000007557,00124.939503
0000000007558,00124.961784
0000000007559,00124.984213
0000000007560,00125.006917
0000000007561,00125.028920
0000000007562,00125.051122
0000000007563,00125.073165
0000000007564,00125.095950
0000000007565,00125.119574
0000000007566,00125.141724
0000000007567,00125.164038
0000000007568,00125.186101
0000000007569,00125.208409
0000000007570,00125.230692
0000000007571,00125.252665
0000000007572,00125.275009
0000000007573,00125.296650
0000000007574,00125.320582
0000000007575,00125.343776
0000000007576,00125.369032
0000000007577,00125.391956
0000000007578,00125.414537
0000000007579,00125.437201
0000000007580,00125.462267
0000000007581,00125.485413
0000000007582,00125.510556
0000000007583,00125.537167
0000000007584,00125.561683
0000000007585,00125.584520
0000000007586,00125.607085
0000000007587,00125.632555
0000000007588,00125.655009
0000000007589,00125.678246
0000000007590,00125.701817
0000000007591,00125.724593
0000000007592,00125.748283
0000000007593,00125.771861
0000000007594,00125.794984
0000000007595,00125.821527
0000000007596,00125.844669
0000000007597,00125.870071
0000000007598,00125.893384
0000000007599,00125.915677
0000000007600,00125.938389
0000000007601,00125.964390
0000000007602,00125.989200
0000000007603,00126.011495
0000000007604,00126.036299
0000000007605,00126.058404
0000000007606,00126.081121
0000000007607,00126.103190
0000000007608,00126.125909
0000000007609,00126.148121
0000000007610,00126.175773
0000000007611,00126.201923
0000000007612,00126.226881
0000000007613,00126.249771
0000000007614,00126.272870
0000000007615,00126.295580
0000000007616,00126.317865
0000000007617,00126.341323
0000000007618,00126.366872
0000000007619,00126.390062
0000000007620,00126.412538
0000000007621,00126.434919
0000000007622,00126.457734
0000000007623,00126.480134
0000000007624,00126.503208
0000000007625,00126.526502
0000000007626,00126.550841
0000000007627,00126.573932
0000000007628,00126.596944
0000000007629,00126.621038
0000000007630,00126.646505
0000000007631,00126.669055
0000000007632,00126.694026
0000000007633,00126.717357
0000000007634,00126.740482
0000000007635,00126.763038
0000000007636,00126.789335
0000000007637,00126.812510
0000000007638,00126.835272
0000000007639,00126.858349
0000000007640,00126.883388
0000000007641,00126.906712
0000000007642,00126.930726
0000000007643,00126.957101
0000000007644,00126.979260
0000000007645,00127.002388
0000000007646,00127.024898
0000000007647,00127.048065
0000000007648,00127.070531
0000000007649,00127.096091
0000000007650,00127.121047
0000000007651,00127.145523
0000000007652,00127.168208
0000000007653,00127.174638
0000000007654,00127.184708
0000000007655,00127.199741
0000000007656,00127.219791
0000000007657,00127.234772
0000000007658,00127.249736
0000000007659,00127.264717
0000000007660,00127.279742
0000000007661,00127.294702
0000000007662,00127.309731
0000000007663,00127.324708
0000000007664,00127.339760
0000000007665,00127.359767
0000000007666,00127.374753
0000000007667,00127.389944
0000000007668,00127.404864
0000000007669,00127.419727
0000000007670,00127.434739
0000000007671,00127.449773
0000000007672,00127.464880
0000000007673,00127.484885
0000000007674,00127.499740
0000000007675,00127.514816
0000000007676,00127.529920
0000000007677,00127.544877
0000000007678,00127.559852
0000000007679,00127.574952
0000000007680,00127.589935
0000000007681,00127.609950
0000000007682,00127.624838
0000000007683,00127.639741
0000000007684,00127.655005
0000000007685,00127.669754
0000000007686,00127.684897
0000000007687,00127.699934
0000000007688,00127.715018
0000000007689,00127.730132
0000000007690,00127.750234
0000000007691,00127.764762
0000000007692,00127.779915
0000000007693,00127.794738
0000000007694,00127.809902
0000000007695,00127.824903
0000000007696,00127.839969
0000000007697,00127.854813
0000000007698,00127.874991
0000000007699,00127.889728
0000000007700,00127.905190
0000000007701,00127.919837
0000000007702,00127.935104
0000000007703,00127.949824
0000000007704,00127.964756
0000000007705,00127.979786
0000000007706,00128.000004
0000000007707,00128.014713
0000000007708,00128.030179
0000000007709,00128.045085
0000000007710,00128.059802
0000000007711,00128.075017
0000000007712,00128.089751
0000000007713,00128.104693
0000000007714,00128.119756
0000000007715,00128.140331
0000000007716,00128.154871
0000000007717,00128.169811
0000000007718,00128.184984
0000000007719,00128.200003
0000000007720,00128.214926
0000000007721,00128.229848
0000000007722,00128.244793
0000000007723,00128.264967
0000000007724,00128.280003
0000000007725,00128.294740
0000000007726,00128.309945
0000000007727,00128.324886
0000000007728,00128.339721
0000000007729,00128.354857
0000000007730,00128.370112
0000000007731,00128.389909
0000000007732,00128.404804
0000000007733,00128.419750
0000000007734,00128.434928
0000000007735,00128.449854
0000000007736,00128.464795
0000000007737,00128.479737
0000000007738,00128.494675
0000000007739,00128.509757
0000000007740,00128.529978
0000000007741,00128.544967
0000000007742,00128.559814
0000000007743,00128.574862
0000000007744,00128.589803
0000000007745,00128.604936
0000000007746,00128.619838
0000000007747,00128.634988
0000000007748,00128.654804
0000000007749,00128.669713
0000000007750,00128.684939
0000000007751,00128.699860
0000000007752,00128.714711
0000000007753,00128.729835
0000000007754,00128.744785
0000000007755,00128.759676
0000000007756,00128.779783
0000000007757,00128.794787
0000000007758,00128.809774
0000000007759,00128.824798
0000000007760,00128.839759
0000000007761,00128.854755
0000000007762,00128.869827
0000000007763,00128.884989
0000000007764,00128.899750
0000000007765,00128.919870
0000000007766,00128.934931
0000000007767,00128.949953
0000000007768,00128.964745
0000000007769,00128.979784
0000000007770,00128.994996
0000000007771,00129.009882
0000000007772,00129.025141
0000000007773,00129.045123
0000000007774,00129.059795
0000000007775,00129.075177
0000000007776,00129.089708
0000000007777,00129.104931
0000000007778,00129.119771
0000000007779,00129.135060
0000000007780,00129.150010
0000000007781,00129.169767
0000000007782,00129.184983
0000000007783,00129.199795
0000000007784,00129.214832
0000000007785,00129.229797
0000000007786,00129.245037
0000000007787,00129.260044
0000000007788,00129.274756
0000000007789,00129.289815
0000000007790,00129.309862
0000000007791,00129.325048
0000000007792,00129.339798
0000000007793,00129.354791
0000000007794,00129.369735
0000000007795,00129.384736
0000000007796,00129.399794
0000000007797,00129.414791
0000000007798,00129.434896
0000000007799,00129.449899
0000000007800,00129.464907
0000000007801,00129.479874
0000000007802,00129.494867
0000000007803,00129.509841
0000000007804,00129.533325
0000000007805,00129.555874
0000000007806,00129.578083
0000000007807,00129.602105
0000000007808,00129.626072
0000000007809,00129.648470
0000000007810,00129.671420
0000000007811,00129.693743
0000000007812,00129.716444
0000000007813,00129.748207
0000000007814,00129.770595
0000000007815,00129.796714
0000000007816,00129.819462
0000000007817,00129.842858
0000000007818,00129.866724
0000000007819,00129.889466
0000000007820,00129.913044
0000000007821,00129.935646
0000000007822,00129.958765
0000000007823,00129.981487
0000000007824,00130.006251
0000000007825,00130.032779
0000000007826,00130.055584
0000000007827,00130.078584
0000000007828,00130.101038
0000000007829,00130.126070
0000000007830,00130.148772
0000000007831,00130.173544
0000000007832,00130.196821
0000000007833,00130.221185
0000000007834,00130.243835
0000000007835,00130.268951
0000000007836,00130.292078
0000000007837,00130.315915
0000000007838,00130.341737
0000000007839,00130.365596
0000000007840,00130.391254
0000000007841,00130.414263
0000000007842,00130.439094
0000000007843,00130.462257
0000000007844,00130.484545
0000000007845,00130.508220
0000000007846,00130.534494
0000000007847,00130.557599
0000000007848,00130.580165
0000000007849,00130.603005
0000000007850,00130.625801
0000000007851,00130.648863
0000000007852,00130.671388
0000000007853,00130.693528
0000000007854,00130.718788
0000000007855,00130.741200
0000000007856,00130.765034
0000000007857,00130.788887
0000000007858,00130.813880
0000000007859,00130.837062
0000000007860,00130.862108
0000000007861,00130.888635
0000000007862,00130.912415
0000000007863,00130.935211
0000000007864,00130.958992
0000000007865,00130.982344
0000000007866,00131.004860
0000000007867,00131.032427
0000000007868,00131.055744
0000000007869,00131.080769
0000000007870,00131.087252
0000000007871,00131.101816
0000000007872,00131.116892
0000000007873,00131.131919
0000000007874,00131.146839
0000000007875,00131.161780
0000000007876,00131.181931
0000000007877,00131.196845
0000000007878,00131.211903
0000000007879,00131.227009
0000000007880,00131.241906
0000000007881,00131.257095
0000000007882,00131.271934
0000000007883,00131.286844
0000000007884,00131.306891
0000000007885,00131.322031
0000000007886,00131.336828
0000000007887,00131.351898
0000000007888,00131.366923
0000000007889,00131.381867
0000000007890,00131.397032
0000000007891,00131.411869
0000000007892,00131.426985
0000000007893,00131.447249
0000000007894,00131.461888
0000000007895,00131.477092
0000000007896,00131.492007
0000000007897,00131.506907
0000000007898,00131.521880
0000000007899,00131.537181
0000000007900,00131.551918
0000000007901,00131.571943
0000000007902,00131.586988
0000000007903,00131.601857
0000000007904,00131.616766
0000000007905,00131.631877
0000000007906,00131.646883
0000000007907,00131.661841
0000000007908,00131.676844
0000000007909,00131.696933
0000000007910,00131.711825
0000000007911,00131.726947
0000000007912,00131.741943
0000000007913,00131.756909
0000000007914,00131.771927
0000000007915,00131.786938
0000000007916,00131.801830
0000000007917,00131.816972
0000000007918,00131.836930
0000000007919,00131.851871
0000000007920,00131.866909
0000000007921,00131.881895
0000000007922,00131.896935
0000000007923,00131.911907
0000000007924,00131.926964
0000000007925,00131.941845
0000000007926,00131.962076
0000000007927,00131.977035
0000000007928,00131.991908
0000000007929,00132.007129
0000000007930,00132.056558
0000000007931,00132.097368
0000000007932,00132.109933
0000000007933,00132.116815
0000000007934,00132.131811
0000000007935,00132.146800
0000000007936,00132.161898
0000000007937,00132.176841
0000000007938,00132.191697
0000000007939,00132.206900
0000000007940,00132.226842
0000000007941,00132.241866
0000000007942,00132.256951
0000000007943,00132.271898
0000000007944,00132.286901
0000000007945,00132.301906
0000000007946,00132.316863
0000000007947,00132.331813
0000000007948,00132.351881
0000000007949,00132.366860
0000000007950,00132.381914
0000000007951,00132.396911
0000000007952,00132.411895
0000000007953,00132.426837
0000000007954,00132.441902
0000000007955,00132.456883
0000000007956,00132.476897
0000000007957,00132.491851
0000000007958,00132.506859
0000000007959,00132.521862
0000000007960,00132.536826
0000000007961,00132.551879
0000000007962,00132.566938
0000000007963,00132.581892
0000000007964,00132.596835
0000000007965,00132.617026
0000000007966,00132.631908
0000000007967,00132.646744
0000000007968,00132.662016
0000000007969,00132.676931
0000000007970,00132.691864
0000000007971,00132.706877
0000000007972,00132.721912
0000000007973,00132.741860
0000000007974,00132.756892
0000000007975,00132.771982
0000000007976,00132.786855
0000000007977,00132.801930
0000000007978,00132.816934
0000000007979,00132.831885
0000000007980,00132.846847
0000000007981,00132.866985
0000000007982,00132.881884
0000000007983,00132.896931
0000000007984,00132.911903
0000000007985,00132.926840
0000000007986,00132.941906
0000000007987,00132.956866
0000000007988,00132.971844
0000000007989,00132.986926
0000000007990,00133.006947
0000000007991,00133.021833
0000000007992,00133.036936
0000000007993,00133.051937
0000000007994,00133.066855
0000000007995,00133.082029
0000000007996,00133.096881
0000000007997,00133.111905
0000000007998,00133.131954
0000000007999,00133.146946
0000000008000,00133.161913
0000000008001,00133.176939
0000000008002,00133.191954
0000000008003,00133.206882
0000000008004,00133.221873
0000000008005,00133.236993
0000000008006,00133.251871
0000000008007,00133.271984
0000000008008,00133.286992
0000000008009,00133.301950
0000000008010,00133.317116
0000000008011,00133.331907
0000000008012,00133.346968
0000000008013,00133.361990
0000000008014,00133.377411
0000000008015,00133.397417
0000000008016,00133.412032
0000000008017,00133.426967
0000000008018,00133.449135
0000000008019,00133.472037
0000000008020,00133.495273
0000000008021,00133.518142
0000000008022,00133.544666
0000000008023,00133.568108
0000000008024,00133.591631
0000000008025,00133.615042
0000000008026,00133.637771
0000000008027,00133.663091
0000000008028,00133.686564
0000000008029,00133.709440
0000000008030,00133.731639
0000000008031,00133.754740
0000000008032,00133.777033
0000000008033,00133.799845
0000000008034,00133.822352
0000000008035,00133.846002
0000000008036,00133.868643
0000000008037,00133.891868
0000000008038,00133.917984
0000000008039,00133.940956
0000000008040,00133.966236
0000000008041,00133.989392
0000000008042,00134.013315
0000000008043,00134.036596
0000000008044,00134.059303
0000000008045,00134.082731
0000000008046,00134.105226
0000000008047,00134.128481
0000000008048,00134.151274
0000000008049,00134.174036
0000000008050,00134.197162
0000000008051,00134.219891
0000000008052,00134.246438
0000000008053,00134.269891
0000000008054,00134.292570
0000000008055,00134.315582
0000000008056,00134.340813
0000000008057,00134.364330
0000000008058,00134.388875
0000000008059,00134.411966
0000000008060,00134.435280
0000000008061,00134.458720
0000000008062,00134.481089
0000000008063,00134.504416
0000000008064,00134.526947
0000000008065,00134.553839
0000000008066,00134.576547
0000000008067,00134.600752
0000000008068,00134.625037
0000000008069,00134.648466
0000000008070,00134.671408
0000000008071,00134.696633
0000000008072,00134.720495
0000000008073,00134.743587
0000000008074,00134.766244
0000000008075,00134.789084
0000000008076,00134.812069
0000000008077,00134.834479
0000000008078,00134.858414
0000000008079,00134.881612
0000000008080,00134.904336
0000000008081,00134.929467
0000000008082,00134.951869
0000000008083,00134.977222
0000000008084,00135.000400
0000000008085,00135.024316
0000000008086,00135.047433
0000000008087,00135.072204
0000000008088,00135.095464
0000000008089,00135.118506
0000000008090,00135.141184
0000000008091,00135.165801
0000000008092,00135.188550
0000000008093,00135.212764
0000000008094,00135.235403
0000000008095,00135.258382
0000000008096,00135.281777
0000000008097,00135.304303
0000000008098,00135.332558
0000000008099,00135.358907
0000000008100,00135.382336
0000000008101,00135.404624
0000000008102,00135.430029
0000000008103,00135.452957
0000000008104,00135.475291
0000000008105,00135.498092
0000000008106,00135.523292
0000000008107,00135.546546
0000000008108,00135.571563
0000000008109,00135.596463
0000000008110,00135.618796
0000000008111,00135.641947
0000000008112,00135.666458
0000000008113,00135.689426
0000000008114,00135.713775
0000000008115,00135.739236
0000000008116,00135.762394
0000000008117,00135.785403
0000000008118,00135.809374
0000000008119,00135.834361
0000000008120,00135.857250
0000000008121,00135.883635
0000000008122,00135.907041
0000000008123,00135.931762
0000000008124,00135.955117
0000000008125,00135.979496
0000000008126,00136.005188
0000000008127,00136.029616
0000000008128,00136.055179
0000000008129,00136.078443
0000000008130,00136.126157
0000000008131,00136.150607
0000000008132,00136.172677
0000000008133,00136.194197
0000000008134,00136.214971
0000000008135,00136.237197
0000000008136,00136.258746
0000000008137,00136.280758
0000000008138,00136.303071
0000000008139,00136.325184
0000000008140,00136.347426
0000000008141,00136.369913
0000000008142,00136.392560
0000000008143,00136.414819
0000000008144,00136.436805
0000000008145,00136.461302
0000000008146,00136.483952
0000000008147,00136.506991
0000000008148,00136.529179
0000000008149,00136.551783
0000000008150,00136.563015
0000000008151,00136.577963
0000000008152,00136.593088
0000000008153,00136.608076
0000000008154,00136.622992
0000000008155,00136.638606
0000000008156,00136.653054
0000000008157,00136.673118
0000000008158,00136.688083
0000000008159,00136.703038
0000000008160,00136.718004
0000000008161,00136.733070
0000000008162,00136.748053
0000000008163,00136.762993
0000000008164,00136.777966
0000000008165,00136.798091
0000000008166,00136.813045
0000000008167,00136.828081
0000000008168,00136.843040
0000000008169,00136.858007
0000000008170,00136.873037
0000000008171,00136.888045
0000000008172,00136.902950
0000000008173,00136.917993
0000000008174,00136.938106
0000000008175,00136.953050
0000000008176,00136.965869
0000000008177,00136.985192
0000000008178,00137.000080
0000000008179,00137.015134
0000000008180,00137.030120
0000000008181,00137.045065
0000000008182,00137.060170
0000000008183,00137.075104
0000000008184,00137.090074
0000000008185,00137.110329
0000000008186,00137.125121
0000000008187,00137.140073
0000000008188,00137.155372
0000000008189,00137.170184
0000000008190,00137.185176
0000000008191,00137.200112
0000000008192,00137.215038
0000000008193,00137.230491
0000000008194,00137.250422
0000000008195,00137.265068
0000000008196,00137.280183
0000000008197,00137.295145
0000000008198,00137.310130
0000000008199,00137.325220
0000000008200,00137.340096
0000000008201,00137.355112
0000000008202,00137.375257
0000000008203,00137.390317
0000000008204,00137.405148
0000000008205,00137.420165
0000000008206,00137.435119
0000000008207,00137.450186
0000000008208,00137.465342
0000000008209,00137.480142
0000000008210,00137.495096
0000000008211,00137.515290
0000000008212,00137.530117
0000000008213,00137.545088
0000000008214,00137.560085
0000000008215,00137.575394
0000000008216,00137.590248
0000000008217,00137.605034
0000000008218,00137.620081
0000000008219,00137.640118
0000000008220,00137.655015
0000000008221,00137.670149
0000000008222,00137.685143
0000000008223,00137.700205
0000000008224,00137.715225
0000000008225,00137.730123
0000000008226,00137.745239
0000000008227,00137.765635
0000000008228,00137.780183
0000000008229,00137.795169
0000000008230,00137.810162
0000000008231,00137.825073
0000000008232,00137.840433
0000000008233,00137.855063
0000000008234,00137.870118
0000000008235,00137.885040
0000000008236,00137.905169
0000000008237,00137.920167
0000000008238,00137.935143
0000000008239,00137.950148
0000000008240,00137.965324
0000000008241,00137.980075
0000000008242,00137.995266
0000000008243,00138.010191
0000000008244,00138.030120
0000000008245,00138.045129
0000000008246,00138.060170
0000000008247,00138.075225
0000000008248,00138.090062
0000000008249,00138.105004
0000000008250,00138.120188
0000000008251,00138.135072
0000000008252,00138.155219
0000000008253,00138.170089
0000000008254,00138.185219
0000000008255,00138.200190
0000000008256,00138.215159
0000000008257,00138.230127
0000000008258,00138.245130
0000000008259,00138.260090
0000000008260,00138.275075
0000000008261,00138.295178
0000000008262,00138.310075
0000000008263,00138.325118
0000000008264,00138.340139
0000000008265,00138.355156
0000000008266,00138.370191
0000000008267,00138.385354
0000000008268,00138.400114
0000000008269,00138.420178
0000000008270,00138.435120
0000000008271,00138.450063
0000000008272,00138.465115
0000000008273,00138.480157
0000000008274,00138.495079
0000000008275,00138.510128
0000000008276,00138.525130
0000000008277,00138.545129
0000000008278,00138.560167
0000000008279,00138.575127
0000000008280,00138.590130
0000000008281,00138.605206
0000000008282,00138.620134
0000000008283,00138.635080
0000000008284,00138.650100
0000000008285,00138.665131
0000000008286,00138.685116
0000000008287,00138.700125
0000000008288,00138.715206
0000000008289,00138.730092
0000000008290,00138.745221
0000000008291,00138.760106
0000000008292,00138.775125
0000000008293,00138.790130
0000000008294,00138.810194
0000000008295,00138.825139
0000000008296,00138.840216
0000000008297,00138.855234
0000000008298,00138.870136
0000000008299,00138.885195
0000000008300,00138.915116
0000000008301,00138.939573
0000000008302,00138.962286
0000000008303,00138.985004
0000000008304,00139.008354
0000000008305,00139.033249
0000000008306,00139.056204
0000000008307,00139.079859
0000000008308,00139.103710
0000000008309,00139.129069
0000000008310,00139.152352
0000000008311,00139.176540
0000000008312,00139.203188
0000000008313,00139.227774
0000000008314,00139.251344
0000000008315,00139.274110
0000000008316,00139.297328
0000000008317,00139.322064
0000000008318,00139.345023
0000000008319,00139.367485
0000000008320,00139.393276
0000000008321,00139.416331
0000000008322,00139.439017
0000000008323,00139.461709
0000000008324,00139.484875
0000000008325,00139.508521
0000000008326,00139.533843
0000000008327,00139.557392
0000000008328,00139.581481
0000000008329,00139.604799
0000000008330,00139.660157
0000000008331,00139.708266
0000000008332,00139.731608
0000000008333,00139.756541
0000000008334,00139.783251
0000000008335,00139.806353
0000000008336,00139.829096
0000000008337,00139.851771
0000000008338,00139.878214
0000000008339,00139.901515
0000000008340,00139.926642
0000000008341,00139.953548
0000000008342,00139.980228
0000000008343,00140.006000
0000000008344,00140.032483
0000000008345,00140.055241
0000000008346,00140.078472
0000000008347,00140.102003
0000000008348,00140.127589
0000000008349,00140.151103
0000000008350,00140.174017
0000000008351,00140.197093
0000000008352,00140.220267
0000000008353,00140.243605
0000000008354,00140.266186
0000000008355,00140.288762
0000000008356,00140.315622
0000000008357,00140.338743
0000000008358,00140.361484
0000000008359,00140.384411
0000000008360,00140.409514
0000000008361,00140.432659
0000000008362,00140.456903
0000000008363,00140.463638
0000000008364,00140.475367
0000000008365,00140.495308
0000000008366,00140.510243
0000000008367,00140.525303
0000000008368,00140.540336
0000000008369,00140.555242
0000000008370,00140.570321
0000000008371,00140.585292
0000000008372,00140.600289
0000000008373,00140.615591
0000000008374,00140.635450
0000000008375,00140.650211
0000000008376,00140.665361
0000000008377,00140.680206
0000000008378,00140.695370
0000000008379,00140.710316
0000000008380,00140.725289
0000000008381,00140.741317
0000000008382,00140.756261
0000000008383,00140.771367
0000000008384,00140.791441
0000000008385,00140.806364
0000000008386,00140.821413
0000000008387,00140.836328
0000000008388,00140.851390
0000000008389,00140.866402
0000000008390,00140.881275
0000000008391,00140.896462
0000000008392,00140.916535
0000000008393,00140.931278
0000000008394,00140.946304
0000000008395,00140.961337
0000000008396,00140.976232
0000000008397,00140.991501
0000000008398,00141.006507
0000000008399,00141.021392
0000000008400,00141.041411
0000000008401,00141.056602
0000000008402,00141.071235
0000000008403,00141.086497
0000000008404,00141.101258
0000000008405,00141.116219
0000000008406,00141.131276
0000000008407,00141.146433
0000000008408,00141.161254
0000000008409,00141.181333
0000000008410,00141.196285
0000000008411,00141.211273
0000000008412,00141.226314
0000000008413,00141.241551
0000000008414,00141.256438
0000000008415,00141.271259
0000000008416,00141.286441
0000000008417,00141.306404
0000000008418,00141.321356
0000000008419,00141.336335
0000000008420,00141.351223
0000000008421,00141.366292
0000000008422,00141.381494
0000000008423,00141.396294
0000000008424,00141.411360
0000000008425,00141.427326
0000000008426,00141.442661
0000000008427,00141.462279
0000000008428,00141.477313
0000000008429,00141.492376
0000000008430,00141.507470
0000000008431,00141.522355
0000000008432,00141.537465
0000000008433,00141.552397
0000000008434,00141.567378
0000000008435,00141.582304
0000000008436,00141.602476
0000000008437,00141.617310
0000000008438,00141.632368
0000000008439,00141.647289
0000000008440,00141.662382
0000000008441,00141.677189
0000000008442,00141.692368
0000000008443,00141.707449
0000000008444,00141.727358
0000000008445,00141.742280
0000000008446,00141.757466
0000000008447,00141.772383
0000000008448,00141.787456
0000000008449,00141.802227
0000000008450,00141.817282
0000000008451,00141.832328
0000000008452,00141.852480
0000000008453,00141.867276
0000000008454,00141.882340
0000000008455,00141.897369
0000000008456,00141.912260
0000000008457,00141.927322
0000000008458,00141.942258
0000000008459,00141.957448
0000000008460,00141.972357
0000000008461,00141.992259
0000000008462,00142.007294
0000000008463,00142.022462
0000000008464,00142.037400
0000000008465,00142.052424
0000000008466,00142.067350
0000000008467,00142.082301
0000000008468,00142.097339
0000000008469,00142.117391
0000000008470,00142.132288
0000000008471,00142.147307
0000000008472,00142.162382
0000000008473,00142.177331
0000000008474,00142.192260
0000000008475,00142.207535
0000000008476,00142.222347
0000000008477,00142.242500
0000000008478,00142.257334
0000000008479,00142.272769
0000000008480,00142.287274
0000000008481,00142.302404
0000000008482,00142.317702
0000000008483,00142.332321
0000000008484,00142.347360
0000000008485,00142.362355
0000000008486,00142.382313
0000000008487,00142.397339
0000000008488,00142.412463
0000000008489,00142.427260
0000000008490,00142.442328
0000000008491,00142.457392
0000000008492,00142.472241
0000000008493,00142.487304
0000000008494,00142.507559
0000000008495,00142.522345
0000000008496,00142.537415
0000000008497,00142.552403
0000000008498,00142.567729
0000000008499,00142.582290
0000000008500,00142.597320
0000000008501,00142.612515
0000000008502,00142.632463
0000000008503,00142.647398
0000000008504,00142.662492
0000000008505,00142.677472
0000000008506,00142.692690
0000000008507,00142.707432
0000000008508,00142.722447
0000000008509,00142.737392
0000000008510,00142.752493
0000000008511,00142.772492
0000000008512,00142.787467
0000000008513,00142.802304
0000000008514,00142.817392
0000000008515,00142.832335
0000000008516,00142.847299
0000000008517,00142.862388
0000000008518,00142.877375
0000000008519,00142.897324
0000000008520,00142.912380
0000000008521,00142.927347
0000000008522,00142.942404
0000000008523,00142.958418
0000000008524,00142.973476
0000000008525,00142.988426
0000000008526,00143.003380
0000000008527,00143.018425
0000000008528,00143.033372
0000000008529,00143.053386
0000000008530,00143.085641
0000000008531,00143.098350
0000000008532,00143.113342
0000000008533,00143.128637
0000000008534,00143.143348
0000000008535,00143.158316
0000000008536,00143.178734
0000000008537,00143.193530
0000000008538,00143.208303
0000000008539,00143.223242
0000000008540,00143.238420
0000000008541,00143.253335
0000000008542,00143.268433
0000000008543,00143.283227
0000000008544,00143.298295
0000000008545,00143.318429
0000000008546,00143.333255
0000000008547,00143.348215
0000000008548,00143.363320
